8.219736069440841675e-02
9.045144170522689819e-02
1.102449893951416016e-01
8.353334665298461914e-02
8.255172520875930786e-02
1.028814613819122314e-01
7.151723653078079224e-02
6.190329045057296753e-02
9.192609786987304688e-02
9.399310499429702759e-02
9.162548184394836426e-02
7.607810944318771362e-02
9.134280681610107422e-02
9.999968111515045166e-02
7.941188663244247437e-02
6.787605583667755127e-02
1.064046174287796021e-01
1.126338168978691101e-01
1.012608110904693604e-01
8.920809626579284668e-02
1.104697585105895996e-01
1.133609563112258911e-01
8.958493918180465698e-02
8.380881696939468384e-02
1.097405850887298584e-01
1.211139708757400513e-01
1.082874611020088196e-01
9.444306045770645142e-02
1.122803241014480591e-01
1.240096390247344971e-01
9.322254359722137451e-02
8.335902541875839233e-02
8.272821456193923950e-02
8.301077783107757568e-02
7.690535485744476318e-02
6.900652498006820679e-02
7.762832194566726685e-02
8.423256874084472656e-02
7.048985362052917480e-02
6.020132079720497131e-02
8.549927175045013428e-02
9.511491656303405762e-02
8.193722367286682129e-02
7.332117110490798950e-02
8.883032947778701782e-02
8.698060363531112671e-02
7.389116287231445312e-02
6.017168611288070679e-02
8.935490995645523071e-02
9.576499462127685547e-02
8.636876195669174194e-02
7.332949340343475342e-02
9.134957194328308105e-02
9.845189005136489868e-02
7.622596621513366699e-02
6.288422644138336182e-02
9.629942476749420166e-02
1.007279679179191589e-01
9.185599535703659058e-02
8.054824918508529663e-02
9.381785243749618530e-02
1.010022237896919250e-01
7.951716333627700806e-02
6.661449372768402100e-02
8.143754303455352783e-02
8.242382854223251343e-02
7.282843440771102905e-02
6.623242050409317017e-02
7.874477654695510864e-02
9.155256301164627075e-02
7.233497500419616699e-02
5.860624462366104126e-02
9.525136649608612061e-02
9.882258623838424683e-02
9.188383817672729492e-02
8.424367010593414307e-02
1.035033017396926880e-01
1.141971200704574585e-01
9.006724506616592407e-02
7.235465198755264282e-02
7.535100728273391724e-02
8.427124470472335815e-02
7.631750404834747314e-02
7.217883318662643433e-02
8.402898162603378296e-02
9.379880875349044800e-02
7.633680850267410278e-02
6.382148712873458862e-02
7.731348276138305664e-02
8.436429500579833984e-02
8.005432039499282837e-02
7.074084877967834473e-02
8.729811757802963257e-02
9.655644744634628296e-02
8.364593237638473511e-02
6.036835536360740662e-02
7.969294488430023193e-02
8.902033418416976929e-02
7.473752647638320923e-02
6.672181934118270874e-02
8.306229859590530396e-02
8.878532797098159790e-02
6.800692528486251831e-02
5.394363030791282654e-02
7.567337900400161743e-02
8.156236261129379272e-02
7.349727302789688110e-02
6.537076830863952637e-02
7.569947093725204468e-02
8.456582576036453247e-02
7.403366267681121826e-02
5.826359614729881287e-02
8.446720242500305176e-02
9.031518548727035522e-02
8.075468987226486206e-02
7.062695920467376709e-02
8.515816926956176758e-02
9.421765059232711792e-02
8.640437573194503784e-02
6.044356524944305420e-02
7.681602984666824341e-02
8.459630608558654785e-02
7.734427601099014282e-02
7.060819864273071289e-02
8.620022237300872803e-02
9.507697820663452148e-02
8.564261347055435181e-02
6.461250036954879761e-02
9.098633378744125366e-02
9.874284267425537109e-02
8.641504496335983276e-02
7.276538014411926270e-02
9.041126817464828491e-02
1.011276766657829285e-01
7.939228415489196777e-02
6.159884482622146606e-02
1.010638773441314697e-01
1.060536429286003113e-01
9.505447000265121460e-02
8.131859451532363892e-02
9.036812186241149902e-02
9.060795605182647705e-02
8.669736981391906738e-02
6.672606617212295532e-02
8.901218324899673462e-02
9.421188384294509888e-02
8.184013515710830688e-02
7.320737093687057495e-02
8.142024278640747070e-02
8.422861993312835693e-02
6.922618299722671509e-02
6.170714646577835083e-02
7.853522896766662598e-02
8.306311815977096558e-02
7.237125933170318604e-02
6.491012871265411377e-02
7.753229886293411255e-02
8.308363705873489380e-02
7.035282254219055176e-02
5.891837179660797119e-02
8.723602443933486938e-02
9.331239014863967896e-02
7.982750982046127319e-02
7.009323686361312866e-02
8.473257720470428467e-02
8.647542446851730347e-02
7.150425761938095093e-02
5.983624607324600220e-02
8.373082429170608521e-02
9.002631902694702148e-02
7.947348058223724365e-02
7.098469883203506470e-02
7.883657515048980713e-02
8.610059320926666260e-02
7.728229463100433350e-02
6.259596347808837891e-02
1.023232787847518921e-01
1.118157580494880676e-01
9.475914388895034790e-02
8.379486203193664551e-02
1.038366630673408508e-01
1.089276596903800964e-01
8.732995390892028809e-02
7.214114069938659668e-02
1.078468486666679382e-01
1.163073480129241943e-01
1.008882597088813782e-01
8.911407738924026489e-02
1.035478562116622925e-01
1.088049933314323425e-01
8.560767024755477905e-02
7.195731997489929199e-02
9.521192312240600586e-02
1.065749675035476685e-01
9.370078891515731812e-02
8.095496147871017456e-02
9.630183130502700806e-02
1.053579151630401611e-01
8.759092539548873901e-02
6.641476601362228394e-02
1.125640049576759338e-01
1.192960515618324280e-01
1.069345027208328247e-01
9.775172173976898193e-02
1.200502887368202209e-01
1.234229654073715210e-01
9.311253577470779419e-02
7.335634529590606689e-02
9.548122435808181763e-02
9.994767606258392334e-02
8.966718614101409912e-02
8.857634663581848145e-02
1.074641123414039612e-01
1.103322952985763550e-01
8.438494801521301270e-02
6.562503427267074585e-02
1.011754199862480164e-01
1.150211915373802185e-01
1.025302633643150330e-01
9.428472071886062622e-02
1.123683005571365356e-01
1.189578846096992493e-01
1.045257449150085449e-01
8.041062951087951660e-02
9.046295285224914551e-02
9.386468678712844849e-02
8.064579963684082031e-02
7.245164364576339722e-02
8.226100355386734009e-02
8.770859241485595703e-02
7.250355929136276245e-02
5.947668850421905518e-02
9.201801568269729614e-02
9.619660675525665283e-02
8.622369915246963501e-02
7.977192848920822144e-02
9.641453623771667480e-02
9.827262908220291138e-02
8.586495369672775269e-02
6.125956028699874878e-02
1.167957410216331482e-01
1.263718605041503906e-01
1.134590953588485718e-01
1.043350622057914734e-01
1.267441213130950928e-01
1.323698908090591431e-01
1.083491072058677673e-01
8.425237983465194702e-02
1.043164953589439392e-01
1.139752045273780823e-01
1.021002158522605896e-01
9.074016660451889038e-02
1.119212284684181213e-01
1.035938337445259094e-01
8.721037209033966064e-02
7.355411350727081299e-02
8.517345786094665527e-02
9.437423199415206909e-02
8.299900591373443604e-02
7.435275614261627197e-02
8.905415982007980347e-02
9.280542284250259399e-02
7.638257741928100586e-02
6.363122165203094482e-02
9.278772026300430298e-02
1.005158051848411560e-01
8.674938231706619263e-02
8.322202414274215698e-02
1.025272011756896973e-01
1.003594174981117249e-01
8.227048069238662720e-02
6.750608980655670166e-02
9.914239495992660522e-02
1.025431901216506958e-01
9.670636057853698730e-02
8.674787729978561401e-02
1.007169187068939209e-01
1.025312766432762146e-01
9.215672314167022705e-02
7.406167685985565186e-02
9.652820229530334473e-02
1.061049029231071472e-01
9.215666353702545166e-02
8.563252538442611694e-02
1.039198040962219238e-01
1.025213375687599182e-01
8.646822720766067505e-02
7.148943841457366943e-02
8.524399250745773315e-02
9.289640188217163086e-02
8.026015758514404297e-02
7.388208061456680298e-02
9.105639904737472534e-02
9.208006411790847778e-02
8.228254318237304688e-02
6.166403740644454956e-02
9.719891101121902466e-02
1.078412234783172607e-01
9.657824784517288208e-02
8.439504355192184448e-02
1.037123426795005798e-01
1.136739924550056458e-01
9.602885693311691284e-02
7.000686973333358765e-02
9.880132228136062622e-02
1.083956509828567505e-01
9.643460810184478760e-02
8.940955996513366699e-02
1.065154969692230225e-01
1.167429238557815552e-01
9.973334521055221558e-02
7.826378941535949707e-02
7.869303971529006958e-02
8.732035011053085327e-02
7.866755127906799316e-02
7.096924632787704468e-02
8.841191232204437256e-02
9.607375413179397583e-02
8.593022823333740234e-02
6.174390763044357300e-02
8.223239332437515259e-02
9.448771178722381592e-02
8.403512090444564819e-02
7.566349208354949951e-02
9.488949924707412720e-02
9.549026191234588623e-02
7.913532853126525879e-02
6.545374542474746704e-02
1.025229021906852722e-01
1.109639033675193787e-01
9.724025428295135498e-02
9.204575419425964355e-02
1.083916649222373962e-01
1.143838986754417419e-01
8.904872834682464600e-02
7.729436457157135010e-02
1.019280925393104553e-01
1.173399239778518677e-01
9.478320926427841187e-02
8.385312557220458984e-02
9.833300113677978516e-02
1.017255932092666626e-01
7.706670463085174561e-02
6.465224921703338623e-02
1.031811535358428955e-01
1.183064803481101990e-01
1.019984856247901917e-01
9.231545031070709229e-02
1.106712967157363892e-01
1.153813153505325317e-01
8.937312662601470947e-02
7.674626260995864868e-02
9.085126221179962158e-02
1.006919890642166138e-01
9.239906072616577148e-02
8.612618595361709595e-02
1.083360388875007629e-01
1.039041951298713684e-01
8.296556770801544189e-02
6.530895829200744629e-02
8.832637965679168701e-02
9.894818067550659180e-02
8.761607855558395386e-02
7.496745139360427856e-02
8.615376800298690796e-02
9.741304814815521240e-02
7.661353051662445068e-02
6.544378399848937988e-02
9.248079359531402588e-02
1.018686071038246155e-01
8.862657099962234497e-02
7.422848045825958252e-02
8.677044510841369629e-02
9.536138921976089478e-02
7.561576366424560547e-02
6.234215572476387024e-02
7.548531889915466309e-02
8.770904690027236938e-02
7.516972720623016357e-02
6.418930739164352417e-02
7.205410301685333252e-02
7.326526939868927002e-02
6.112422794103622437e-02
5.533487349748611450e-02
9.238252788782119751e-02
1.012515872716903687e-01
9.226127713918685913e-02
7.877122610807418823e-02
9.702128916978836060e-02
1.027320176362991333e-01
7.789497822523117065e-02
6.582304835319519043e-02
8.666017651557922363e-02
8.980442583560943604e-02
8.002835512161254883e-02
6.917995214462280273e-02
7.938887178897857666e-02
9.138359874486923218e-02
7.400952279567718506e-02
6.308433413505554199e-02
9.761287271976470947e-02
1.080063134431838989e-01
9.834548085927963257e-02
8.429618179798126221e-02
9.355179220438003540e-02
9.939639270305633545e-02
7.877938449382781982e-02
7.056733965873718262e-02
8.010523766279220581e-02
8.592320233583450317e-02
7.719469070434570312e-02
6.982935965061187744e-02
7.819394022226333618e-02
8.344033360481262207e-02
8.040931075811386108e-02
5.974290892481803894e-02
9.301418811082839966e-02
9.495757520198822021e-02
8.492757380008697510e-02
7.307724654674530029e-02
8.348989486694335938e-02
9.456713497638702393e-02
7.133648544549942017e-02
6.006365641951560974e-02
7.528286427259445190e-02
7.956986129283905029e-02
7.149466127157211304e-02
6.216267123818397522e-02
7.245622575283050537e-02
8.078898489475250244e-02
6.635954976081848145e-02
5.664161220192909241e-02
1.115290001034736633e-01
1.195670813322067261e-01
1.070455983281135559e-01
9.270877391099929810e-02
1.058551147580146790e-01
1.178359314799308777e-01
9.510707855224609375e-02
7.831653207540512085e-02
1.108285859227180481e-01
1.174336001276969910e-01
9.878571331501007080e-02
8.702915906906127930e-02
9.822013974189758301e-02
1.052130162715911865e-01
8.375373482704162598e-02
6.743369251489639282e-02
9.816528111696243286e-02
1.036825552582740784e-01
8.751905709505081177e-02
8.429954946041107178e-02
1.016758233308792114e-01
1.103088855743408203e-01
1.000159457325935364e-01
7.052380591630935669e-02
8.912113308906555176e-02
9.587836265563964844e-02
8.718474209308624268e-02
7.258734852075576782e-02
8.454596251249313354e-02
9.503982961177825928e-02
7.577740401029586792e-02
6.475020200014114380e-02
1.033596470952033997e-01
1.053284928202629089e-01
9.046601504087448120e-02
7.633789628744125366e-02
8.961462229490280151e-02
1.025611609220504761e-01
8.101695030927658081e-02
6.962399184703826904e-02
8.939477801322937012e-02
9.194593876600265503e-02
8.471940457820892334e-02
7.212687283754348755e-02
8.366636931896209717e-02
9.689986705780029297e-02
7.911834120750427246e-02
6.683760881423950195e-02
8.084051311016082764e-02
8.409111201763153076e-02
7.825130969285964966e-02
6.726081669330596924e-02
7.743884623050689697e-02
9.825492650270462036e-02
7.969284057617187500e-02
6.277195364236831665e-02
8.975283801555633545e-02
9.786877036094665527e-02
8.690525591373443604e-02
7.853498309850692749e-02
8.786936849355697632e-02
1.064806878566741943e-01
9.572619944810867310e-02
6.917956471443176270e-02
1.008847504854202271e-01
9.990792721509933472e-02
8.674237877130508423e-02
7.511795312166213989e-02
8.696476370096206665e-02
9.700339287519454956e-02
7.880532741546630859e-02
5.978504195809364319e-02
8.412584662437438965e-02
8.779184520244598389e-02
8.210659027099609375e-02
6.828129291534423828e-02
7.838793843984603882e-02
8.860365301370620728e-02
6.847922503948211670e-02
6.050562858581542969e-02
1.039277911186218262e-01
1.032855287194252014e-01
8.728289604187011719e-02
7.716562598943710327e-02
8.786678314208984375e-02
9.562809765338897705e-02
8.160409331321716309e-02
6.494220346212387085e-02
1.144901514053344727e-01
9.457344561815261841e-02
8.242443203926086426e-02
7.090667635202407837e-02
8.252350240945816040e-02
9.521672874689102173e-02
8.534009754657745361e-02
6.060712411999702454e-02
9.970098733901977539e-02
9.256840497255325317e-02
8.440583944320678711e-02
7.547377794981002808e-02
8.993589133024215698e-02
9.753439575433731079e-02
8.210643380880355835e-02
6.484010815620422363e-02
7.408429682254791260e-02
8.364661782979965210e-02
7.693900167942047119e-02
6.719204783439636230e-02
8.106773346662521362e-02
8.919515460729598999e-02
7.883825898170471191e-02
5.453026294708251953e-02
8.747184276580810547e-02
9.103941917419433594e-02
8.131704479455947876e-02
7.557953894138336182e-02
8.875353634357452393e-02
9.317867457866668701e-02
7.752537727355957031e-02
6.513110548257827759e-02
7.642582803964614868e-02
7.890427112579345703e-02
7.562330365180969238e-02
6.869895011186599731e-02
8.078956604003906250e-02
8.866911381483078003e-02
6.987380236387252808e-02
5.930548533797264099e-02
7.784011214971542358e-02
8.353126049041748047e-02
7.736409455537796021e-02
6.633523106575012207e-02
7.728543132543563843e-02
8.264165371656417847e-02
7.302989065647125244e-02
5.547944456338882446e-02
9.370122849941253662e-02
9.682422131299972534e-02
8.818572014570236206e-02
7.389015704393386841e-02
8.157475292682647705e-02
9.014931321144104004e-02
7.681569457054138184e-02
5.789642035961151123e-02
8.242946863174438477e-02
9.372408688068389893e-02
8.166682720184326172e-02
7.219412177801132202e-02
8.499585092067718506e-02
9.577591717243194580e-02
7.751055061817169189e-02
6.309705972671508789e-02
8.230017125606536865e-02
9.051834046840667725e-02
7.764121890068054199e-02
6.795803457498550415e-02
8.290517330169677734e-02
8.402126282453536987e-02
7.382244616746902466e-02
5.976503342390060425e-02
8.743266761302947998e-02
9.084802865982055664e-02
8.441445231437683105e-02
7.252090424299240112e-02
8.425702899694442749e-02
9.418675303459167480e-02
7.743067294359207153e-02
6.535280495882034302e-02
8.917434513568878174e-02
9.503853321075439453e-02
8.453164994716644287e-02
7.335317134857177734e-02
8.689069747924804688e-02
9.294699132442474365e-02
7.208056002855300903e-02
6.328681856393814087e-02
8.842365443706512451e-02
9.416292607784271240e-02
8.030870556831359863e-02
7.619095593690872192e-02
8.504761010408401489e-02
8.814605325460433960e-02
7.389856874942779541e-02
6.420966982841491699e-02
8.640889823436737061e-02
9.442873299121856689e-02
8.343124389648437500e-02
7.446182519197463989e-02
9.055279940366744995e-02
9.246540814638137817e-02
7.148818671703338623e-02
6.208122894167900085e-02
8.648379147052764893e-02
9.347098320722579956e-02
8.437142521142959595e-02
7.486698776483535767e-02
9.212335199117660522e-02
9.665759652853012085e-02
7.412083446979522705e-02
6.298454850912094116e-02
8.974780142307281494e-02
9.188950061798095703e-02
8.429911732673645020e-02
7.659547775983810425e-02
9.532496333122253418e-02
1.003384515643119812e-01
7.894214242696762085e-02
6.492290645837783813e-02
