5.847832188010215759e-02
6.860825419425964355e-02
7.523258030414581299e-02
7.581318914890289307e-02
6.756455451250076294e-02
6.758269667625427246e-02
5.698934942483901978e-02
5.642495304346084595e-02
6.150470674037933350e-02
7.175889611244201660e-02
8.288749307394027710e-02
8.079449087381362915e-02
7.867478579282760620e-02
7.607964426279067993e-02
5.986661836504936218e-02
6.015305593609809875e-02
7.133508473634719849e-02
9.027694910764694214e-02
1.038210764527320862e-01
1.138040125370025635e-01
9.497366100549697876e-02
8.813224732875823975e-02
7.332278788089752197e-02
6.420198082923889160e-02
6.788893043994903564e-02
7.966150343418121338e-02
1.021931096911430359e-01
9.938901662826538086e-02
9.638535231351852417e-02
9.195575118064880371e-02
7.654628157615661621e-02
6.829375028610229492e-02
5.422135815024375916e-02
6.422515213489532471e-02
7.913996279239654541e-02
8.333427459001541138e-02
7.734530419111251831e-02
7.203409075736999512e-02
5.705329030752182007e-02
5.896417796611785889e-02
5.489529296755790710e-02
6.859801709651947021e-02
8.065372705459594727e-02
8.773502707481384277e-02
7.944566756486892700e-02
7.715013623237609863e-02
5.823383480310440063e-02
6.204505264759063721e-02
5.430128052830696106e-02
6.031612306833267212e-02
7.319122552871704102e-02
7.435569167137145996e-02
6.709077209234237671e-02
6.798078864812850952e-02
5.952255800366401672e-02
5.595270171761512756e-02
5.417923256754875183e-02
6.318157166242599487e-02
7.702029496431350708e-02
8.347420394420623779e-02
7.497416436672210693e-02
7.179420441389083862e-02
6.222555413842201233e-02
5.696650967001914978e-02
5.216605961322784424e-02
5.372828245162963867e-02
6.451321393251419067e-02
6.650746613740921021e-02
5.828304588794708252e-02
5.684837698936462402e-02
5.249902606010437012e-02
5.425544083118438721e-02
5.355897545814514160e-02
6.057748571038246155e-02
7.923977822065353394e-02
9.050801396369934082e-02
6.749173998832702637e-02
6.489770114421844482e-02
5.578890442848205566e-02
5.542898923158645630e-02
5.264342948794364929e-02
6.084644049406051636e-02
7.038544118404388428e-02
7.296957075595855713e-02
6.116355955600738525e-02
6.013446301221847534e-02
5.214534327387809753e-02
5.306597799062728882e-02
5.175879597663879395e-02
5.659724771976470947e-02
6.854901462793350220e-02
6.987077742815017700e-02
5.938383191823959351e-02
5.565119162201881409e-02
4.606147482991218567e-02
4.875985532999038696e-02
4.979851096868515015e-02
5.508299544453620911e-02
6.466066092252731323e-02
6.664338707923889160e-02
5.990252271294593811e-02
5.915733426809310913e-02
4.968538507819175720e-02
5.087441951036453247e-02
5.104792118072509766e-02
6.085035577416419983e-02
7.509959489107131958e-02
7.419368624687194824e-02
5.772104859352111816e-02
5.335026606917381287e-02
4.605742916464805603e-02
4.960209503769874573e-02
5.439449101686477661e-02
5.927947163581848145e-02
7.771131396293640137e-02
6.687306612730026245e-02
5.957908183336257935e-02
5.911234021186828613e-02
4.810229688882827759e-02
5.485695600509643555e-02
5.003648623824119568e-02
5.941810831427574158e-02
7.186543196439743042e-02
7.528825104236602783e-02
6.265173107385635376e-02
5.972202494740486145e-02
5.240521952509880066e-02
5.336431041359901428e-02
5.521072447299957275e-02
5.994199961423873901e-02
7.634620368480682373e-02
7.273124903440475464e-02
6.357597559690475464e-02
6.082854047417640686e-02
5.372596532106399536e-02
5.407003685832023621e-02
5.657732859253883362e-02
6.900056451559066772e-02
7.835431396961212158e-02
8.874042332172393799e-02
8.151866495609283447e-02
7.718040794134140015e-02
6.396508216857910156e-02
6.432080268859863281e-02
5.473966896533966064e-02
6.921205669641494751e-02
7.464566826820373535e-02
8.183579891920089722e-02
7.547474652528762817e-02
8.055822551250457764e-02
6.386043876409530640e-02
6.445558369159698486e-02
5.198748782277107239e-02
5.815393477678298950e-02
6.866314262151718140e-02
7.432295382022857666e-02
5.788120627403259277e-02
5.413657799363136292e-02
4.939998313784599304e-02
5.269234627485275269e-02
5.294167995452880859e-02
6.127492338418960571e-02
6.933727860450744629e-02
8.308447897434234619e-02
6.993950903415679932e-02
6.570323556661605835e-02
5.799084901809692383e-02
5.837375670671463013e-02
5.182225257158279419e-02
5.853569880127906799e-02
7.062914967536926270e-02
6.973577290773391724e-02
6.157693639397621155e-02
6.129340827465057373e-02
5.151211842894554138e-02
5.397975444793701172e-02
6.317814439535140991e-02
7.436638325452804565e-02
8.740377426147460938e-02
8.917064964771270752e-02
7.718572765588760376e-02
7.560177147388458252e-02
6.351874023675918579e-02
6.406847387552261353e-02
6.129353865981101990e-02
7.343398779630661011e-02
8.266156911849975586e-02
9.419667720794677734e-02
8.437237888574600220e-02
8.639778941869735718e-02
6.915510445833206177e-02
6.717695295810699463e-02
5.571588873863220215e-02
6.334964931011199951e-02
8.449078351259231567e-02
8.034207671880722046e-02
7.157696783542633057e-02
7.586053758859634399e-02
5.558725073933601379e-02
5.666485056281089783e-02
6.133429706096649170e-02
6.890116631984710693e-02
7.636136561632156372e-02
9.810243546962738037e-02
7.898778468370437622e-02
7.930621504783630371e-02
6.852586567401885986e-02
6.229779496788978577e-02
5.963173136115074158e-02
6.629107147455215454e-02
8.104383200407028198e-02
7.989300042390823364e-02
7.140086591243743896e-02
6.793105602264404297e-02
6.059701740741729736e-02
6.079379469156265259e-02
6.754770129919052124e-02
7.699850201606750488e-02
9.793630242347717285e-02
9.819567948579788208e-02
8.338735997676849365e-02
7.363888621330261230e-02
6.457591056823730469e-02
6.275127083063125610e-02
5.249059200286865234e-02
6.126673519611358643e-02
6.844817101955413818e-02
8.093939721584320068e-02
7.301396876573562622e-02
7.509039342403411865e-02
6.051147356629371643e-02
5.584110319614410400e-02
5.750282481312751770e-02
7.176058739423751831e-02
7.807880640029907227e-02
8.538562059402465820e-02
7.602325081825256348e-02
7.622476667165756226e-02
6.165182590484619141e-02
5.818942934274673462e-02
6.999043375253677368e-02
8.014489710330963135e-02
9.440534561872482300e-02
1.026174500584602356e-01
9.101454913616180420e-02
8.918319642543792725e-02
7.161390036344528198e-02
6.758823245763778687e-02
6.791092455387115479e-02
8.183266222476959229e-02
9.817261248826980591e-02
1.101776286959648132e-01
9.553614258766174316e-02
8.666092157363891602e-02
7.686966657638549805e-02
6.722438335418701172e-02
5.314647406339645386e-02
6.582313030958175659e-02
8.252611756324768066e-02
8.425611257553100586e-02
7.449568063020706177e-02
7.732994109392166138e-02
5.748511105775833130e-02
5.708531290292739868e-02
5.453482642769813538e-02
7.496867328882217407e-02
9.439206123352050781e-02
9.165152907371520996e-02
7.765766978263854980e-02
7.734123617410659790e-02
6.109998375177383423e-02
6.057207658886909485e-02
6.046779453754425049e-02
7.682649046182632446e-02
9.138277918100357056e-02
8.628049492835998535e-02
7.472420483827590942e-02
7.605983316898345947e-02
5.850609391927719116e-02
5.586479976773262024e-02
5.857457220554351807e-02
7.594203203916549683e-02
8.847669512033462524e-02
9.726072847843170166e-02
8.874120563268661499e-02
9.141666442155838013e-02
7.076346129179000854e-02
6.552722305059432983e-02
6.031125783920288086e-02
6.592013686895370483e-02
7.711147516965866089e-02
7.712841778993606567e-02
7.190101593732833862e-02
7.180958986282348633e-02
5.729515105485916138e-02
5.882194638252258301e-02
5.393006652593612671e-02
7.387015968561172485e-02
8.108364790678024292e-02
8.568324893712997437e-02
7.850554585456848145e-02
7.802820205688476562e-02
6.164287030696868896e-02
5.952680483460426331e-02
6.106955930590629578e-02
7.820191234350204468e-02
8.069940656423568726e-02
1.006313264369964600e-01
8.372484892606735229e-02
8.320742100477218628e-02
6.851666420698165894e-02
6.351038068532943726e-02
5.039820075035095215e-02
6.032133102416992188e-02
7.222962379455566406e-02
7.469931989908218384e-02
6.366816163063049316e-02
6.347551941871643066e-02
4.898679628968238831e-02
5.173128843307495117e-02
5.779790505766868591e-02
7.107757776975631714e-02
8.396732062101364136e-02
9.389831870794296265e-02
8.126329630613327026e-02
7.698451727628707886e-02
6.352256238460540771e-02
6.302788853645324707e-02
6.726120412349700928e-02
9.146093577146530151e-02
9.028907865285873413e-02
1.023669317364692688e-01
8.537922799587249756e-02
8.226711302995681763e-02
6.598219275474548340e-02
6.482021510601043701e-02
5.808711424469947815e-02
7.135570049285888672e-02
7.913434505462646484e-02
8.520101010799407959e-02
8.213365077972412109e-02
8.562088012695312500e-02
6.881976872682571411e-02
6.946998834609985352e-02
6.540026515722274780e-02
8.032452315092086792e-02
9.826412796974182129e-02
1.037665382027626038e-01
8.652312308549880981e-02
8.317031711339950562e-02
6.823796778917312622e-02
6.636147201061248779e-02
5.552708730101585388e-02
7.526567578315734863e-02
9.162375330924987793e-02
1.169704720377922058e-01
8.263679593801498413e-02
7.811995595693588257e-02
5.827500671148300171e-02
5.789195373654365540e-02
5.609123408794403076e-02
7.216631621122360229e-02
8.113119006156921387e-02
9.475057572126388550e-02
8.020441979169845581e-02
7.790143042802810669e-02
6.435956060886383057e-02
6.302151083946228027e-02
5.377111583948135376e-02
6.645859032869338989e-02
7.820680737495422363e-02
7.613901048898696899e-02
6.948931515216827393e-02
7.241471111774444580e-02
5.498093739151954651e-02
5.879184603691101074e-02
4.636806994676589966e-02
5.987135320901870728e-02
7.213073968887329102e-02
7.177203893661499023e-02
6.593879312276840210e-02
6.564871966838836670e-02
5.106079950928688049e-02
5.464917048811912537e-02
5.421085655689239502e-02
6.543843448162078857e-02
7.847648113965988159e-02
8.205404132604598999e-02
7.527082413434982300e-02
7.413035631179809570e-02
5.842897295951843262e-02
5.893201008439064026e-02
5.410254001617431641e-02
6.405312567949295044e-02
7.534258812665939331e-02
7.014269381761550903e-02
6.409148871898651123e-02
6.336602568626403809e-02
5.418485775589942932e-02
5.609233304858207703e-02
5.618519708514213562e-02
7.224716991186141968e-02
8.741408586502075195e-02
9.060195833444595337e-02
7.582750171422958374e-02
7.016138732433319092e-02
6.577920168638229370e-02
6.033892557024955750e-02
4.976239800453186035e-02
5.812321975827217102e-02
6.504876911640167236e-02
6.705347448587417603e-02
5.521529540419578552e-02
5.256286635994911194e-02
4.387766495347023010e-02
4.784986749291419983e-02
5.130461603403091431e-02
5.446626991033554077e-02
6.669426709413528442e-02
7.034438103437423706e-02
5.731811001896858215e-02
5.519555881619453430e-02
4.822508990764617920e-02
5.178693681955337524e-02
4.805502295494079590e-02
5.974717810750007629e-02
6.479072570800781250e-02
6.892099231481552124e-02
6.267706304788589478e-02
6.465494632720947266e-02
5.156354978680610657e-02
5.371014028787612915e-02
7.124171406030654907e-02
7.721997797489166260e-02
8.913832902908325195e-02
9.055690467357635498e-02
7.845922559499740601e-02
6.930362433195114136e-02
6.357343494892120361e-02
5.996302142739295959e-02
5.820234119892120361e-02
6.566879898309707642e-02
8.268289268016815186e-02
8.190414309501647949e-02
7.567981630563735962e-02
7.811708003282546997e-02
5.993261560797691345e-02
6.238942593336105347e-02
5.720382183790206909e-02
6.398954987525939941e-02
7.909738272428512573e-02
8.540181070566177368e-02
7.401170581579208374e-02
7.036558538675308228e-02
5.740078166127204895e-02
5.983675271272659302e-02
5.728752538561820984e-02
6.257071346044540405e-02
7.112882286310195923e-02
6.931314617395401001e-02
6.024618819355964661e-02
5.865871533751487732e-02
5.066284537315368652e-02
5.316812172532081604e-02
5.578520521521568298e-02
6.382902711629867554e-02
8.061255514621734619e-02
8.184900134801864624e-02
6.710331141948699951e-02
6.353009492158889771e-02
5.834332108497619629e-02
5.354006588459014893e-02
5.313271284103393555e-02
5.654949322342872620e-02
7.075324654579162598e-02
7.100384682416915894e-02
6.359085440635681152e-02
6.548941880464553833e-02
5.034945905208587646e-02
5.299436300992965698e-02
4.865545779466629028e-02
5.616419389843940735e-02
7.028120756149291992e-02
6.959414482116699219e-02
5.767448246479034424e-02
5.603323876857757568e-02
4.997302219271659851e-02
5.231914669275283813e-02
5.643783882260322571e-02
6.195944920182228088e-02
7.467053085565567017e-02
7.543933391571044922e-02
6.585938483476638794e-02
6.078884378075599670e-02
5.635786801576614380e-02
5.556037276983261108e-02
5.063205957412719727e-02
6.164896860718727112e-02
6.920737773180007935e-02
7.849734276533126831e-02
7.625387609004974365e-02
7.816872000694274902e-02
6.131711602210998535e-02
6.428823620080947876e-02
5.131013318896293640e-02
5.757999047636985779e-02
7.318671792745590210e-02
7.131739705801010132e-02
6.350392848253250122e-02
6.356245279312133789e-02
5.069914832711219788e-02
5.437367409467697144e-02
5.574736744165420532e-02
6.412447243928909302e-02
7.294396311044692993e-02
9.260938316583633423e-02
7.830289006233215332e-02
7.748904079198837280e-02
6.238086149096488953e-02
6.557332724332809448e-02
5.301139876246452332e-02
5.738199502229690552e-02
6.962016969919204712e-02
6.801459193229675293e-02
5.930164828896522522e-02
6.005791202187538147e-02
5.079890415072441101e-02
5.215843021869659424e-02
5.088365823030471802e-02
5.988359823822975159e-02
7.097979635000228882e-02
7.354144006967544556e-02
5.695990845561027527e-02
5.244805663824081421e-02
4.815607890486717224e-02
4.795553907752037048e-02
4.467719420790672302e-02
5.435654893517494202e-02
6.575025618076324463e-02
6.771271675825119019e-02
5.918166786432266235e-02
5.803825706243515015e-02
5.015291646122932434e-02
5.022563785314559937e-02
5.408660322427749634e-02
6.518004834651947021e-02
8.078496158123016357e-02
8.633752167224884033e-02
7.689291238784790039e-02
7.768321037292480469e-02
6.740097701549530029e-02
6.363874673843383789e-02
5.085054412484169006e-02
6.151889264583587646e-02
7.756420224905014038e-02
8.035425841808319092e-02
6.522566825151443481e-02
6.104122474789619446e-02
5.242858082056045532e-02
5.254032090306282043e-02
4.379375278949737549e-02
5.649178102612495422e-02
6.316925585269927979e-02
6.775187700986862183e-02
5.959168076515197754e-02
6.106119975447654724e-02
4.963278025388717651e-02
5.206812918186187744e-02
5.258185043931007385e-02
5.954264476895332336e-02
7.307228446006774902e-02
7.918380945920944214e-02
7.495310902595520020e-02
7.490811496973037720e-02
5.895676463842391968e-02
5.977760627865791321e-02
5.286942422389984131e-02
5.635030195116996765e-02
6.743346154689788818e-02
7.110707461833953857e-02
5.756306275725364685e-02
5.753519013524055481e-02
5.124315619468688965e-02
5.280414223670959473e-02
5.114954710006713867e-02
5.567264556884765625e-02
6.520295888185501099e-02
6.720416992902755737e-02
5.772160366177558899e-02
5.504524707794189453e-02
4.946429282426834106e-02
5.289480462670326233e-02
4.924795776605606079e-02
5.675251409411430359e-02
7.211983203887939453e-02
7.486240565776824951e-02
6.662476062774658203e-02
6.599241495132446289e-02
5.276842415332794189e-02
5.491259694099426270e-02
5.391554534435272217e-02
5.739690735936164856e-02
7.038988173007965088e-02
6.838056445121765137e-02
6.237066909670829773e-02
6.064628064632415771e-02
5.287412554025650024e-02
5.636108666658401489e-02
5.829384177923202515e-02
7.130592316389083862e-02
7.864312827587127686e-02
8.230637758970260620e-02
8.126963675022125244e-02
8.774277567863464355e-02
6.553526222705841064e-02
6.861502677202224731e-02
5.660590156912803650e-02
7.542527467012405396e-02
8.736158907413482666e-02
8.828453719615936279e-02
7.233420759439468384e-02
6.531121581792831421e-02
5.816563963890075684e-02
5.967403948307037354e-02
5.230687931180000305e-02
6.607832014560699463e-02
8.531716465950012207e-02
8.746381849050521851e-02
6.907391548156738281e-02
6.530719250440597534e-02
5.364409461617469788e-02
5.547102540731430054e-02
5.410598218441009521e-02
7.205206900835037231e-02
8.496265858411788940e-02
9.822814911603927612e-02
7.790555804967880249e-02
7.522425055503845215e-02
5.920920148491859436e-02
6.116461008787155151e-02
