1.517507433891296387e-01
1.933611631393432617e-01
1.897276788949966431e-01
1.915521621704101562e-01
1.485944837331771851e-01
1.077535003423690796e-01
1.045994982123374939e-01
9.495358169078826904e-02
1.310942471027374268e-01
1.473642289638519287e-01
1.853734701871871948e-01
1.416981667280197144e-01
1.268047988414764404e-01
1.024697721004486084e-01
1.096265614032745361e-01
8.855056762695312500e-02
1.539795696735382080e-01
1.653643399477005005e-01
1.958542913198471069e-01
2.023839801549911499e-01
1.716209352016448975e-01
1.649669706821441650e-01
1.607484370470046997e-01
1.153974905610084534e-01
1.397831141948699951e-01
1.571129113435745239e-01
2.090174704790115356e-01
2.041143327951431274e-01
2.088548243045806885e-01
1.721190214157104492e-01
1.408273875713348389e-01
1.166613399982452393e-01
1.155652403831481934e-01
1.586880683898925781e-01
1.799668222665786743e-01
1.740382164716720581e-01
1.347764581441879272e-01
1.202427372336387634e-01
9.905421733856201172e-02
7.495481520891189575e-02
1.048744395375251770e-01
1.311353147029876709e-01
1.749568432569503784e-01
1.766784936189651489e-01
1.375552117824554443e-01
1.184022203087806702e-01
9.603814780712127686e-02
7.459919154644012451e-02
1.328240185976028442e-01
1.625474244356155396e-01
2.100413888692855835e-01
1.940788179636001587e-01
1.817620098590850830e-01
1.638929247856140137e-01
1.442405432462692261e-01
1.054851338267326355e-01
1.101044043898582458e-01
1.373264640569686890e-01
1.572715789079666138e-01
1.390951424837112427e-01
1.583396196365356445e-01
1.158718988299369812e-01
1.098715439438819885e-01
8.223594725131988525e-02
1.096826195716857910e-01
1.368184089660644531e-01
1.836089938879013062e-01
1.724357604980468750e-01
1.371288895606994629e-01
1.118178591132164001e-01
8.569034188985824585e-02
6.483751535415649414e-02
1.589377671480178833e-01
1.982668638229370117e-01
2.584371268749237061e-01
2.465650737285614014e-01
1.932018846273422241e-01
1.241652071475982666e-01
1.107664033770561218e-01
7.201535999774932861e-02
1.383111476898193359e-01
1.600992679595947266e-01
2.564798593521118164e-01
2.366651743650436401e-01
2.458620518445968628e-01
2.037940919399261475e-01
1.109795346856117249e-01
7.179643958806991577e-02
1.407950520515441895e-01
1.925475448369979858e-01
2.161186039447784424e-01
2.004403322935104370e-01
1.671404540538787842e-01
1.540062129497528076e-01
1.111782938241958618e-01
6.644860655069351196e-02
1.306691169738769531e-01
1.704616844654083252e-01
2.361384928226470947e-01
2.101151347160339355e-01
1.815524399280548096e-01
1.808549165725708008e-01
9.879032522439956665e-02
7.221240550279617310e-02
1.060137972235679626e-01
1.270370781421661377e-01
2.019989043474197388e-01
2.011046409606933594e-01
1.922573000192642212e-01
1.505245715379714966e-01
1.453048139810562134e-01
1.022081375122070312e-01
1.207551956176757812e-01
1.568771004676818848e-01
2.809163331985473633e-01
1.762957870960235596e-01
1.655671745538711548e-01
1.082783415913581848e-01
1.058104857802391052e-01
6.904901564121246338e-02
1.169522628188133240e-01
1.471801996231079102e-01
2.432474941015243530e-01
2.244856655597686768e-01
2.091630101203918457e-01
2.187460362911224365e-01
1.004085987806320190e-01
1.025123372673988342e-01
9.166955947875976562e-02
1.346292048692703247e-01
1.595623493194580078e-01
1.532343178987503052e-01
1.168638393282890320e-01
9.507887810468673706e-02
9.686047583818435669e-02
1.007149219512939453e-01
1.120714768767356873e-01
1.458377987146377563e-01
1.333614289760589600e-01
1.312334835529327393e-01
1.129655763506889343e-01
9.756277501583099365e-02
9.016758948564529419e-02
8.028462529182434082e-02
9.431292116641998291e-02
1.360408067703247070e-01
1.337885856628417969e-01
1.399929821491241455e-01
1.312820911407470703e-01
9.940526634454727173e-02
9.472306072711944580e-02
7.755544036626815796e-02
1.010758429765701294e-01
1.402655690908432007e-01
1.616454124450683594e-01
1.574111580848693848e-01
1.286173015832901001e-01
1.044857501983642578e-01
9.533939510583877563e-02
6.967753916978836060e-02
1.548006683588027954e-01
1.615873873233795166e-01
1.735114604234695435e-01
1.798893511295318604e-01
1.604801565408706665e-01
1.377295106649398804e-01
1.143320053815841675e-01
8.780431002378463745e-02
1.213117763400077820e-01
1.522416174411773682e-01
1.406947523355484009e-01
1.568709313869476318e-01
1.497063934803009033e-01
1.140685901045799255e-01
8.688175678253173828e-02
7.621933519840240479e-02
1.038061752915382385e-01
1.072468683123588562e-01
1.368150413036346436e-01
1.418434381484985352e-01
1.373166888952255249e-01
1.174597442150115967e-01
1.167818903923034668e-01
9.846342355012893677e-02
1.188023388385772705e-01
1.136567965149879456e-01
1.560187339782714844e-01
1.484731137752532959e-01
1.341660469770431519e-01
1.227834895253181458e-01
1.044480502605438232e-01
8.027721941471099854e-02
1.423595249652862549e-01
1.577324122190475464e-01
2.086886018514633179e-01
1.876956522464752197e-01
1.646422147750854492e-01
1.515446156263351440e-01
1.366224437952041626e-01
1.061708778142929077e-01
1.061601638793945312e-01
1.362313479185104370e-01
1.832733750343322754e-01
1.535236537456512451e-01
1.071945503354072571e-01
1.076036691665649414e-01
9.972055256366729736e-02
7.908056676387786865e-02
1.496190428733825684e-01
2.046232670545578003e-01
1.849184483289718628e-01
1.606602817773818970e-01
1.399982869625091553e-01
1.430679708719253540e-01
1.217849329113960266e-01
8.938290923833847046e-02
1.419478505849838257e-01
1.692577749490737915e-01
1.992159038782119751e-01
1.812437921762466431e-01
1.546336263418197632e-01
1.482687741518020630e-01
1.600144505500793457e-01
1.326456815004348755e-01
1.096174269914627075e-01
1.354271471500396729e-01
1.627714782953262329e-01
1.550448983907699585e-01
1.125313043594360352e-01
1.056504771113395691e-01
1.142053082585334778e-01
8.563628047704696655e-02
1.153773516416549683e-01
1.348829567432403564e-01
1.503993719816207886e-01
1.550275385379791260e-01
1.091104298830032349e-01
1.049835681915283203e-01
1.103462576866149902e-01
7.733754068613052368e-02
1.332220882177352905e-01
1.516087800264358521e-01
1.725024729967117310e-01
1.581288725137710571e-01
1.348110586404800415e-01
1.153754815459251404e-01
1.310636997222900391e-01
1.275576353073120117e-01
1.233872175216674805e-01
1.653176546096801758e-01
1.607279330492019653e-01
1.409857720136642456e-01
1.121080145239830017e-01
1.053250432014465332e-01
1.192230209708213806e-01
1.026184707880020142e-01
1.197788864374160767e-01
1.607296615839004517e-01
1.660749316215515137e-01
1.600321829319000244e-01
1.267435997724533081e-01
1.103038415312767029e-01
1.073119789361953735e-01
8.017732948064804077e-02
1.285851299762725830e-01
1.481739431619644165e-01
1.710826009511947632e-01
1.732828617095947266e-01
1.347136348485946655e-01
1.305209994316101074e-01
1.250532865524291992e-01
9.549439698457717896e-02
1.389166712760925293e-01
1.830908507108688354e-01
1.566201299428939819e-01
1.279392540454864502e-01
1.117485091090202332e-01
8.943375200033187866e-02
1.042490676045417786e-01
8.808766305446624756e-02
1.366265118122100830e-01
1.824269890785217285e-01
1.827208548784255981e-01
1.600406318902969360e-01
1.248682886362075806e-01
1.064593568444252014e-01
1.255544722080230713e-01
1.119584366679191589e-01
1.203169524669647217e-01
1.574051529169082642e-01
1.715175807476043701e-01
1.741522550582885742e-01
1.332861781120300293e-01
1.176086440682411194e-01
1.190358772873878479e-01
9.709067642688751221e-02
1.224988102912902832e-01
1.569777727127075195e-01
1.594427675008773804e-01
1.524291783571243286e-01
1.182083413004875183e-01
1.087021082639694214e-01
1.237712949514389038e-01
9.682743996381759644e-02
1.062753424048423767e-01
1.195376142859458923e-01
1.332347095012664795e-01
1.426374465227127075e-01
1.154720038175582886e-01
1.121275275945663452e-01
1.250222921371459961e-01
8.309523016214370728e-02
1.029185429215431213e-01
1.345068663358688354e-01
1.428518146276473999e-01
1.443300545215606689e-01
1.084597930312156677e-01
1.231916099786758423e-01
9.478839486837387085e-02
7.299003005027770996e-02
9.245620667934417725e-02
1.199158206582069397e-01
1.331955492496490479e-01
1.295727193355560303e-01
1.088120490312576294e-01
1.139891818165779114e-01
8.969897031784057617e-02
8.309327065944671631e-02
1.446745991706848145e-01
1.886533647775650024e-01
1.946801096200942993e-01
1.983221322298049927e-01
1.424085199832916260e-01
1.182082146406173706e-01
1.247810423374176025e-01
1.007135435938835144e-01
9.239868819713592529e-02
9.658094495534896851e-02
1.212564781308174133e-01
1.330002695322036743e-01
1.122890785336494446e-01
1.096917465329170227e-01
1.159528270363807678e-01
9.210138767957687378e-02
1.009689494967460632e-01
1.040185615420341492e-01
1.221797913312911987e-01
1.299064159393310547e-01
1.135431379079818726e-01
1.117345094680786133e-01
1.179114729166030884e-01
9.222698211669921875e-02
1.211690977215766907e-01
1.245564147830009460e-01
1.404387652873992920e-01
1.462917774915695190e-01
1.261409670114517212e-01
1.238516196608543396e-01
1.237235441803932190e-01
1.005249544978141785e-01
1.010616049170494080e-01
1.395616084337234497e-01
1.410494893789291382e-01
1.174871623516082764e-01
8.878963440656661987e-02
8.609689772129058838e-02
9.270283579826354980e-02
7.171271741390228271e-02
1.163600608706474304e-01
1.410357803106307983e-01
1.498321294784545898e-01
1.400847285985946655e-01
1.040355414152145386e-01
1.012561991810798645e-01
1.123782396316528320e-01
8.353904634714126587e-02
7.703451067209243774e-02
8.713433146476745605e-02
1.023506820201873779e-01
1.027728244662284851e-01
8.258492499589920044e-02
8.507008850574493408e-02
8.772436529397964478e-02
6.043573468923568726e-02
1.072982400655746460e-01
1.184393242001533508e-01
1.361771672964096069e-01
1.416201144456863403e-01
1.179392561316490173e-01
1.184444501996040344e-01
1.151374876499176025e-01
8.407943695783615112e-02
1.131290048360824585e-01
1.455977559089660645e-01
1.902226060628890991e-01
1.716221570968627930e-01
1.292058229446411133e-01
1.283755600452423096e-01
1.358687281608581543e-01
8.835161477327346802e-02
1.345862746238708496e-01
1.482471972703933716e-01
1.904679685831069946e-01
1.650570333003997803e-01
1.315713524818420410e-01
1.108405739068984985e-01
1.302723288536071777e-01
8.454130589962005615e-02
1.060040220618247986e-01
1.434447914361953735e-01
1.370773315429687500e-01
1.242517232894897461e-01
9.205790609121322632e-02
8.043307065963745117e-02
8.525357395410537720e-02
6.621901690959930420e-02
1.250506043434143066e-01
1.406720429658889771e-01
1.664573997259140015e-01
1.500051170587539673e-01
1.275354027748107910e-01
9.625712782144546509e-02
1.082452461123466492e-01
7.476954907178878784e-02
1.136753559112548828e-01
1.298827826976776123e-01
1.429740041494369507e-01
1.371496021747589111e-01
1.009060144424438477e-01
9.898178279399871826e-02
1.392356157302856445e-01
8.472443372011184692e-02
1.194183900952339172e-01
1.599428355693817139e-01
1.929767429828643799e-01
1.474898010492324829e-01
1.061937361955642700e-01
1.040996089577674866e-01
1.305233985185623169e-01
9.439723938703536987e-02
1.322331726551055908e-01
1.640357673168182373e-01
1.986589878797531128e-01
1.457965373992919922e-01
1.124851331114768982e-01
1.103686094284057617e-01
1.253229975700378418e-01
1.329193711280822754e-01
8.723928034305572510e-02
9.249895066022872925e-02
1.147039085626602173e-01
1.118906736373901367e-01
9.451276808977127075e-02
9.510833770036697388e-02
9.877657145261764526e-02
8.073401451110839844e-02
1.495160013437271118e-01
2.512493133544921875e-01
2.082256078720092773e-01
1.622729003429412842e-01
1.200978010892868042e-01
1.197134479880332947e-01
1.164008602499961853e-01
9.551095962524414062e-02
1.178640127182006836e-01
1.661164760589599609e-01
1.711371541023254395e-01
1.262244880199432373e-01
1.007764935493469238e-01
9.364998340606689453e-02
9.945430606603622437e-02
8.471296727657318115e-02
1.125827357172966003e-01
1.403453499078750610e-01
1.378461122512817383e-01
1.200134307146072388e-01
9.850675612688064575e-02
9.499172866344451904e-02
9.359190613031387329e-02
8.148577064275741577e-02
1.026511639356613159e-01
1.206284388899803162e-01
1.313227117061614990e-01
1.370923817157745361e-01
1.204720512032508850e-01
1.055771559476852417e-01
1.171673387289047241e-01
1.045642197132110596e-01
9.857457876205444336e-02
1.418545544147491455e-01
1.343028992414474487e-01
1.207185834646224976e-01
9.876769781112670898e-02
8.557428419589996338e-02
9.775768220424652100e-02
7.343713194131851196e-02
1.270581781864166260e-01
1.639148592948913574e-01
1.726061850786209106e-01
1.673232465982437134e-01
1.558658927679061890e-01
1.453353017568588257e-01
1.344597190618515015e-01
1.065708249807357788e-01
1.032923832535743713e-01
1.424517333507537842e-01
1.454884260892868042e-01
1.249388381838798523e-01
1.007336676120758057e-01
9.554777294397354126e-02
9.899544715881347656e-02
7.588905096054077148e-02
9.635104238986968994e-02
1.098168194293975830e-01
1.313963383436203003e-01
1.262217611074447632e-01
9.703158587217330933e-02
9.932451695203781128e-02
1.029294952750205994e-01
9.094743430614471436e-02
1.061846539378166199e-01
1.203363314270973206e-01
1.191144362092018127e-01
1.135117784142494202e-01
9.025250375270843506e-02
9.916016459465026855e-02
9.297730028629302979e-02
7.289621233940124512e-02
1.040723994374275208e-01
1.295824050903320312e-01
1.271899044513702393e-01
1.180766001343727112e-01
9.554241597652435303e-02
1.007459536194801331e-01
9.782123565673828125e-02
7.945467531681060791e-02
1.108608245849609375e-01
1.432340741157531738e-01
1.290270686149597168e-01
1.393615752458572388e-01
1.180942878127098083e-01
1.278337091207504272e-01
1.034426391124725342e-01
8.873549103736877441e-02
9.587743133306503296e-02
1.151455789804458618e-01
1.090820729732513428e-01
1.162843108177185059e-01
8.838208019733428955e-02
9.089028090238571167e-02
1.004896163940429688e-01
7.896414399147033691e-02
1.086939647793769836e-01
1.307804137468338013e-01
1.411068439483642578e-01
1.308723092079162598e-01
1.025120913982391357e-01
1.029988080263137817e-01
1.092209964990615845e-01
8.599001914262771606e-02
1.081863865256309509e-01
1.265632361173629761e-01
1.588450819253921509e-01
1.623885482549667358e-01
1.344175338745117188e-01
1.330372095108032227e-01
1.421814560890197754e-01
1.309687644243240356e-01
1.001752838492393494e-01
1.270698606967926025e-01
1.330385655164718628e-01
1.331311762332916260e-01
1.073224395513534546e-01
1.174677982926368713e-01
1.258971393108367920e-01
9.575399756431579590e-02
9.822113066911697388e-02
1.168231219053268433e-01
1.205521225929260254e-01
1.241720095276832581e-01
1.003604084253311157e-01
9.194009006023406982e-02
9.762725234031677246e-02
1.002249643206596375e-01
9.382217377424240112e-02
1.075339093804359436e-01
1.089274659752845764e-01
1.082897931337356567e-01
8.724167943000793457e-02
8.238325268030166626e-02
8.737304806709289551e-02
7.852396368980407715e-02
1.176229342818260193e-01
1.345383673906326294e-01
1.084771081805229187e-01
1.148076355457305908e-01
9.470645338296890259e-02
9.272914379835128784e-02
9.488087147474288940e-02
8.049757033586502075e-02
1.243172660470008850e-01
1.552703380584716797e-01
1.691558957099914551e-01
1.492820531129837036e-01
1.125238016247749329e-01
1.119538545608520508e-01
9.972404688596725464e-02
8.517998456954956055e-02
1.112226918339729309e-01
1.306596547365188599e-01
1.449992358684539795e-01
1.477574855089187622e-01
1.052749380469322205e-01
9.460627287626266479e-02
9.172617644071578979e-02
7.272174209356307983e-02
1.006693989038467407e-01
1.133293658494949341e-01
1.385457515716552734e-01
1.278708130121231079e-01
9.437672793865203857e-02
9.282313287258148193e-02
9.072759747505187988e-02
7.743567973375320435e-02
1.421308964490890503e-01
1.752932518720626831e-01
1.888730227947235107e-01
1.636720597743988037e-01
1.339662075042724609e-01
1.510935872793197632e-01
1.183960586786270142e-01
7.099621742963790894e-02
1.080653965473175049e-01
1.092377603054046631e-01
1.381672471761703491e-01
1.196594536304473877e-01
9.918005019426345825e-02
1.040675640106201172e-01
1.096030995249748230e-01
8.304495364427566528e-02
