5.286858975887298584e-02
5.476627871394157410e-02
6.284957379102706909e-02
6.308451294898986816e-02
7.091815024614334106e-02
7.222943007946014404e-02
6.481450051069259644e-02
8.799270540475845337e-02
7.210819423198699951e-02
6.583478301763534546e-02
7.814604043960571289e-02
7.359833270311355591e-02
7.816468924283981323e-02
8.373165130615234375e-02
7.507131993770599365e-02
9.225732088088989258e-02
6.464589387178421021e-02
6.963954865932464600e-02
8.269476145505905151e-02
7.119896262884140015e-02
7.497517764568328857e-02
8.300928771495819092e-02
7.436206936836242676e-02
8.983515948057174683e-02
6.626141071319580078e-02
7.241158932447433472e-02
8.897014707326889038e-02
7.769276946783065796e-02
8.099424093961715698e-02
8.837187290191650391e-02
7.692331075668334961e-02
9.717032313346862793e-02
5.320017784833908081e-02
5.442180857062339783e-02
6.641212105751037598e-02
6.519296765327453613e-02
7.144115865230560303e-02
7.030569016933441162e-02
6.430546194314956665e-02
7.681134343147277832e-02
5.463449284434318542e-02
5.771381780505180359e-02
6.551907211542129517e-02
6.044115126132965088e-02
6.704512983560562134e-02
7.345432043075561523e-02
6.365272402763366699e-02
8.013898879289627075e-02
5.424432829022407532e-02
5.971729382872581482e-02
7.198870182037353516e-02
6.461843848228454590e-02
6.654143333435058594e-02
7.259438186883926392e-02
6.502782553434371948e-02
7.925450056791305542e-02
5.789136141538619995e-02
6.039280071854591370e-02
7.935985922813415527e-02
6.485828757286071777e-02
6.889374554157257080e-02
7.700663805007934570e-02
7.006624341011047363e-02
9.097094833850860596e-02
6.530739367008209229e-02
6.041703000664710999e-02
6.880916655063629150e-02
6.301481276750564575e-02
6.641585379838943481e-02
7.424657791852951050e-02
7.034306973218917847e-02
8.470803499221801758e-02
6.388787180185317993e-02
6.439616531133651733e-02
8.128140121698379517e-02
7.247252762317657471e-02
7.794427871704101562e-02
8.608680963516235352e-02
7.222548127174377441e-02
8.798866719007492065e-02
6.654033064842224121e-02
5.848926678299903870e-02
7.523388415575027466e-02
7.422150671482086182e-02
7.563464343547821045e-02
8.694975823163986206e-02
7.684828341007232666e-02
8.318815380334854126e-02
5.349453538656234741e-02
5.395284667611122131e-02
6.286560744047164917e-02
6.291864067316055298e-02
6.723222136497497559e-02
6.690097600221633911e-02
6.108441203832626343e-02
6.973178684711456299e-02
5.735522136092185974e-02
5.631386488676071167e-02
6.558321416378021240e-02
6.258313357830047607e-02
6.600615382194519043e-02
7.532628625631332397e-02
7.427091151475906372e-02
8.638441562652587891e-02
5.322463065385818481e-02
5.611522123217582703e-02
6.368170678615570068e-02
6.128224357962608337e-02
6.395957618951797485e-02
6.439294666051864624e-02
6.080691888928413391e-02
7.273804396390914917e-02
5.357345193624496460e-02
5.708804354071617126e-02
6.836146861314773560e-02
6.421393156051635742e-02
6.486491113901138306e-02
6.874983757734298706e-02
6.144673377275466919e-02
7.401761412620544434e-02
5.314539745450019836e-02
5.706582218408584595e-02
7.015734165906906128e-02
6.330043077468872070e-02
6.289792060852050781e-02
6.889001280069351196e-02
6.302172690629959106e-02
7.156774401664733887e-02
6.127606704831123352e-02
6.122000887989997864e-02
6.893516331911087036e-02
6.531103700399398804e-02
7.336288690567016602e-02
7.731794565916061401e-02
7.192709296941757202e-02
8.368442952632904053e-02
6.009013205766677856e-02
5.688573420047760010e-02
7.110022008419036865e-02
6.851218640804290771e-02
7.207193970680236816e-02
7.627016305923461914e-02
7.035873830318450928e-02
8.076851069927215576e-02
6.526649743318557739e-02
6.058550253510475159e-02
7.279484719038009644e-02
6.702134013175964355e-02
7.007746398448944092e-02
8.165005594491958618e-02
7.333594560623168945e-02
8.488120138645172119e-02
5.827445536851882935e-02
5.472616106271743774e-02
6.405474990606307983e-02
6.327964365482330322e-02
6.332951039075851440e-02
6.892699003219604492e-02
6.013203784823417664e-02
7.466024905443191528e-02
6.407521665096282959e-02
5.720162391662597656e-02
7.066690176725387573e-02
6.344282627105712891e-02
7.065062969923019409e-02
7.471355050802230835e-02
6.712476164102554321e-02
7.900702208280563354e-02
6.004564464092254639e-02
6.317374110221862793e-02
7.564927637577056885e-02
6.965699046850204468e-02
7.770869880914688110e-02
7.963699847459793091e-02
7.064157724380493164e-02
8.802507072687149048e-02
6.239078193902969360e-02
6.286776810884475708e-02
7.930627465248107910e-02
6.914105266332626343e-02
7.479879260063171387e-02
8.823145180940628052e-02
7.814072817564010620e-02
8.937314897775650024e-02
5.921984091401100159e-02
5.976780131459236145e-02
7.916753739118576050e-02
7.029056549072265625e-02
7.089596986770629883e-02
8.102320879697799683e-02
7.402696460485458374e-02
8.507940173149108887e-02
5.651965364813804626e-02
6.024415418505668640e-02
7.227816432714462280e-02
7.081886380910873413e-02
7.048193365335464478e-02
7.711432874202728271e-02
7.672357559204101562e-02
9.517693519592285156e-02
6.382178515195846558e-02
6.206112727522850037e-02
7.928371429443359375e-02
7.645387947559356689e-02
8.726756274700164795e-02
8.859869092702865601e-02
7.892886549234390259e-02
8.819334208965301514e-02
5.669721961021423340e-02
5.945392698049545288e-02
7.529336959123611450e-02
6.813263893127441406e-02
7.060575485229492188e-02
7.400341331958770752e-02
6.706719100475311279e-02
7.909915596246719360e-02
7.100047916173934937e-02
6.830129027366638184e-02
8.870721608400344849e-02
7.525685429573059082e-02
7.675783336162567139e-02
9.336446225643157959e-02
8.274892717599868774e-02
9.546659141778945923e-02
5.993296205997467041e-02
5.920773744583129883e-02
6.791452318429946899e-02
6.320452690124511719e-02
6.826626509428024292e-02
7.289729267358779907e-02
7.082499563694000244e-02
8.489733934402465820e-02
5.820890888571739197e-02
5.671551823616027832e-02
7.035014033317565918e-02
6.640850007534027100e-02
6.539130210876464844e-02
6.989112496376037598e-02
6.473323702812194824e-02
7.273493707180023193e-02
5.956650897860527039e-02
6.775598227977752686e-02
8.529973775148391724e-02
7.889501005411148071e-02
8.499437570571899414e-02
8.344066888093948364e-02
6.982952356338500977e-02
8.216452598571777344e-02
5.655140057206153870e-02
6.230747699737548828e-02
7.879760861396789551e-02
7.037878036499023438e-02
7.648947834968566895e-02
7.541543990373611450e-02
6.644366681575775146e-02
8.359881490468978882e-02
5.643480271100997925e-02
5.447044223546981812e-02
7.022685557603836060e-02
6.561320275068283081e-02
6.946054846048355103e-02
7.385084033012390137e-02
6.166316568851470947e-02
8.320537954568862915e-02
6.097649782896041870e-02
5.833248421549797058e-02
7.092863321304321289e-02
6.597639620304107666e-02
7.217013090848922729e-02
7.199800014495849609e-02
6.373737007379531860e-02
7.940110564231872559e-02
5.723568424582481384e-02
6.409965455532073975e-02
7.990182191133499146e-02
7.328913360834121704e-02
7.753005623817443848e-02
7.995977252721786499e-02
7.199504971504211426e-02
8.907072246074676514e-02
5.928887054324150085e-02
6.002033501863479614e-02
7.925289869308471680e-02
6.918985396623611450e-02
7.288542389869689941e-02
7.908023148775100708e-02
7.029276341199874878e-02
8.181678503751754761e-02
5.795640498399734497e-02
6.048420816659927368e-02
7.155437022447586060e-02
6.402730196714401245e-02
6.895069777965545654e-02
7.572367042303085327e-02
7.316505908966064453e-02
7.990285009145736694e-02
6.604739278554916382e-02
6.573151797056198120e-02
8.608104288578033447e-02
7.115479558706283569e-02
8.525099605321884155e-02
9.514032304286956787e-02
8.354169875383377075e-02
1.024588942527770996e-01
6.818235665559768677e-02
7.125332951545715332e-02
8.656489104032516479e-02
8.087258040904998779e-02
7.973553240299224854e-02
9.681750833988189697e-02
8.712051808834075928e-02
9.282567352056503296e-02
5.486274138092994690e-02
6.038238108158111572e-02
7.001840323209762573e-02
6.613181531429290771e-02
6.902701407670974731e-02
7.431790232658386230e-02
6.508693099021911621e-02
7.700262218713760376e-02
5.428108200430870056e-02
5.702298879623413086e-02
7.171852141618728638e-02
6.499043107032775879e-02
6.763323396444320679e-02
6.863901764154434204e-02
6.071507558226585388e-02
7.798128575086593628e-02
6.779236346483230591e-02
7.108437269926071167e-02
8.639287203550338745e-02
7.653184235095977783e-02
7.897337526082992554e-02
9.152877330780029297e-02
8.270522207021713257e-02
9.829120337963104248e-02
5.160578712821006775e-02
5.741210281848907471e-02
6.838728487491607666e-02
6.994023174047470093e-02
6.948928534984588623e-02
7.430784404277801514e-02
6.880038231611251831e-02
8.116944134235382080e-02
5.881038680672645569e-02
6.432149559259414673e-02
7.978695631027221680e-02
7.682313770055770874e-02
8.030625432729721069e-02
8.499874174594879150e-02
7.651039212942123413e-02
9.083054959774017334e-02
5.277435854077339172e-02
5.721471831202507019e-02
6.658954918384552002e-02
6.620593369007110596e-02
6.626258045434951782e-02
7.008761912584304810e-02
6.482598185539245605e-02
7.904367893934249878e-02
5.559633672237396240e-02
5.679628252983093262e-02
7.474293559789657593e-02
6.377801299095153809e-02
6.889042258262634277e-02
7.203754037618637085e-02
6.346666812896728516e-02
7.952185720205307007e-02
5.164081230759620667e-02
5.408372730016708374e-02
7.164552062749862671e-02
6.672139465808868408e-02
7.123778760433197021e-02
7.182273268699645996e-02
6.359153240919113159e-02
7.640862464904785156e-02
4.697730764746665955e-02
4.835421964526176453e-02
5.712483078241348267e-02
5.835945531725883484e-02
5.719102919101715088e-02
5.950578302145004272e-02
5.658365413546562195e-02
6.354102492332458496e-02
5.988964438438415527e-02
6.165925413370132446e-02
7.639905810356140137e-02
6.894577294588088989e-02
8.189663290977478027e-02
8.101632446050643921e-02
7.043079286813735962e-02
8.958368748426437378e-02
4.690319299697875977e-02
5.158312246203422546e-02
6.379695981740951538e-02
6.149110943078994751e-02
6.099458411335945129e-02
6.678157299757003784e-02
5.977795645594596863e-02
7.279064506292343140e-02
6.273775547742843628e-02
6.163024529814720154e-02
7.641961425542831421e-02
6.988137960433959961e-02
7.104480266571044922e-02
7.628400623798370361e-02
6.846927851438522339e-02
7.921744883060455322e-02
5.745332315564155579e-02
5.575626716017723083e-02
6.486866623163223267e-02
6.076859682798385620e-02
6.161744892597198486e-02
6.501263380050659180e-02
6.000158935785293579e-02
7.352399826049804688e-02
5.315683037042617798e-02
5.613125860691070557e-02
6.784339249134063721e-02
6.408316642045974731e-02
6.949521601200103760e-02
6.974954903125762939e-02
6.249119713902473450e-02
7.587012648582458496e-02
4.876099899411201477e-02
5.141746997833251953e-02
6.304641067981719971e-02
6.262983381748199463e-02
6.290465593338012695e-02
6.199391558766365051e-02
5.750325322151184082e-02
6.861399859189987183e-02
6.034872680902481079e-02
6.720028072595596313e-02
8.943233639001846313e-02
7.859239727258682251e-02
7.937642931938171387e-02
8.186164498329162598e-02
7.047454267740249634e-02
8.702866733074188232e-02
5.549119785428047180e-02
5.939078330993652344e-02
7.305724918842315674e-02
6.940554082393646240e-02
6.739419698715209961e-02
6.954966485500335693e-02
6.500924378633499146e-02
7.447704672813415527e-02
5.343721807003021240e-02
6.144436076283454895e-02
7.620536535978317261e-02
7.178238779306411743e-02
6.831290572881698608e-02
7.346633821725845337e-02
6.215203553438186646e-02
7.769170403480529785e-02
6.202292442321777344e-02
5.834110453724861145e-02
7.282609492540359497e-02
6.556287407875061035e-02
7.075483351945877075e-02
7.101792842149734497e-02
6.330894678831100464e-02
7.946632057428359985e-02
6.069319695234298706e-02
5.977592617273330688e-02
7.411014288663864136e-02
7.041426748037338257e-02
7.539186626672744751e-02
8.006973564624786377e-02
7.343906164169311523e-02
8.762966841459274292e-02
5.974733456969261169e-02
5.608391761779785156e-02
6.998223811388015747e-02
6.989906728267669678e-02
7.529958337545394897e-02
7.697161287069320679e-02
7.109913975000381470e-02
8.718824386596679688e-02
5.211916938424110413e-02
5.737037584185600281e-02
6.754878163337707520e-02
6.407918035984039307e-02
6.472385674715042114e-02
6.720919907093048096e-02
5.821713060140609741e-02
7.339794188737869263e-02
5.384059995412826538e-02
5.932332947850227356e-02
7.548792660236358643e-02
6.679677218198776245e-02
7.176635414361953735e-02
7.590265572071075439e-02
6.220714375376701355e-02
7.190456986427307129e-02
5.512869730591773987e-02
5.240851268172264099e-02
6.547519564628601074e-02
6.556959450244903564e-02
7.357135415077209473e-02
7.230846583843231201e-02
6.301855295896530151e-02
7.713185250759124756e-02
5.558756366372108459e-02
5.567029491066932678e-02
6.620044261217117310e-02
6.788786500692367554e-02
7.071566581726074219e-02
6.981004029512405396e-02
6.168675422668457031e-02
7.707189023494720459e-02
5.590863153338432312e-02
6.284885853528976440e-02
7.390768826007843018e-02
7.256739586591720581e-02
7.807233184576034546e-02
7.932545244693756104e-02
6.873224675655364990e-02
8.347010612487792969e-02
5.395141988992691040e-02
5.327657237648963928e-02
6.826119869947433472e-02
6.719361245632171631e-02
7.376680523157119751e-02
7.226894050836563110e-02
6.146071478724479675e-02
7.680132240056991577e-02
5.992205813527107239e-02
5.896263197064399719e-02
7.595954835414886475e-02
6.842210888862609863e-02
7.588534057140350342e-02
8.193703740835189819e-02
6.812690943479537964e-02
8.096159249544143677e-02
5.375842377543449402e-02
5.191129818558692932e-02
6.140549853444099426e-02
5.792463198304176331e-02
6.341823935508728027e-02
7.345125824213027954e-02
6.328104436397552490e-02
7.249924540519714355e-02
5.346700921654701233e-02
5.927419289946556091e-02
6.834862381219863892e-02
6.542315334081649780e-02
6.937247514724731445e-02
6.890964508056640625e-02
5.826314538717269897e-02
7.488299906253814697e-02
4.982925206422805786e-02
5.415503680706024170e-02
6.569731980562210083e-02
6.676726043224334717e-02
6.488358974456787109e-02
6.410175561904907227e-02
5.783113464713096619e-02
7.688776403665542603e-02
5.109657347202301025e-02
5.193716660141944885e-02
6.526587158441543579e-02
6.179092079401016235e-02
6.783688813447952271e-02
6.729877740144729614e-02
5.848500877618789673e-02
6.946216523647308350e-02
4.715010896325111389e-02
5.242554098367691040e-02
6.330991536378860474e-02
6.363663822412490845e-02
6.163625791668891907e-02
6.308329850435256958e-02
5.751849710941314697e-02
7.582797110080718994e-02
5.360961705446243286e-02
5.623434111475944519e-02
6.932754069566726685e-02
6.471357494592666626e-02
6.642608344554901123e-02
6.910759955644607544e-02
6.451645493507385254e-02
7.778444141149520874e-02
5.105524882674217224e-02
5.549433454871177673e-02
6.628430634737014771e-02
6.215599924325942993e-02
6.474801898002624512e-02
6.590601056814193726e-02
5.815640091896057129e-02
7.163151353597640991e-02
5.833955854177474976e-02
6.038291379809379578e-02
7.417231053113937378e-02
6.588500738143920898e-02
7.284090667963027954e-02
8.163633197546005249e-02
7.163884490728378296e-02
8.981974422931671143e-02
5.884784460067749023e-02
5.993996560573577881e-02
7.184616476297378540e-02
6.765428185462951660e-02
6.734877824783325195e-02
7.316419482231140137e-02
6.209415942430496216e-02
7.896284013986587524e-02
5.397450923919677734e-02
5.592200160026550293e-02
6.553079932928085327e-02
6.774353981018066406e-02
6.510933488607406616e-02
6.664034724235534668e-02
6.920760124921798706e-02
7.831028103828430176e-02
5.116995051503181458e-02
5.624801293015480042e-02
6.742255389690399170e-02
6.637659668922424316e-02
6.476481258869171143e-02
7.402162253856658936e-02
6.764509528875350952e-02
7.540304213762283325e-02
4.639191180467605591e-02
5.360825359821319580e-02
6.757900118827819824e-02
6.059229001402854919e-02
5.838041752576828003e-02
6.425841152667999268e-02
5.771948769688606262e-02
7.744288444519042969e-02
6.015114113688468933e-02
5.830738693475723267e-02
6.945269554853439331e-02
6.663065403699874878e-02
6.537178158760070801e-02
7.713668793439865112e-02
7.085384428501129150e-02
8.554996550083160400e-02
