8.260400593280792236e-02
1.143525466322898865e-01
1.330913901329040527e-01
1.643530726432800293e-01
1.373796463012695312e-01
1.226632669568061829e-01
8.448843657970428467e-02
1.150178685784339905e-01
1.375372856855392456e-01
1.474798172712326050e-01
1.200537085533142090e-01
1.112239286303520203e-01
1.092887893319129944e-01
1.383521109819412231e-01
1.802808642387390137e-01
1.813263893127441406e-01
1.787786781787872314e-01
1.548309624195098877e-01
1.195813044905662537e-01
1.427449882030487061e-01
1.980311274528503418e-01
1.983997672796249390e-01
1.681949943304061890e-01
1.373186558485031128e-01
9.201503545045852661e-02
1.124314665794372559e-01
1.621959358453750610e-01
1.777553260326385498e-01
1.561466902494430542e-01
1.230309829115867615e-01
7.796268165111541748e-02
1.099029406905174255e-01
1.418876796960830688e-01
1.533453613519668579e-01
1.363982409238815308e-01
9.951924532651901245e-02
9.151367098093032837e-02
1.273474693298339844e-01
1.530516147613525391e-01
1.722405552864074707e-01
1.552439481019973755e-01
1.189613118767738342e-01
9.380766749382019043e-02
1.280589252710342407e-01
1.779356151819229126e-01
1.914296001195907593e-01
1.620733737945556641e-01
1.190273538231849670e-01
7.857294380664825439e-02
1.025900244712829590e-01
1.459271162748336792e-01
1.597730368375778198e-01
1.357460021972656250e-01
1.092547997832298279e-01
8.553533256053924561e-02
1.225306242704391479e-01
1.719507277011871338e-01
1.983727961778640747e-01
1.548632085323333740e-01
1.016822084784507751e-01
8.562538027763366699e-02
1.196466162800788879e-01
1.432566791772842407e-01
1.539040803909301758e-01
1.225926876068115234e-01
9.870454668998718262e-02
7.930035144090652466e-02
1.035367846488952637e-01
1.516500711441040039e-01
1.879516243934631348e-01
1.362622678279876709e-01
9.823223203420639038e-02
7.118576020002365112e-02
1.044955104589462280e-01
1.329897940158843994e-01
1.343135237693786621e-01
1.208642199635505676e-01
9.886803478002548218e-02
8.089625090360641479e-02
1.801047921180725098e-01
2.079949676990509033e-01
1.747116595506668091e-01
1.539524346590042114e-01
1.048951596021652222e-01
9.354642033576965332e-02
1.582193076610565186e-01
1.403172016143798828e-01
2.041356116533279419e-01
1.439344286918640137e-01
1.207312569022178650e-01
9.735212475061416626e-02
1.158709526062011719e-01
1.266751438379287720e-01
1.619060933589935303e-01
1.229525804519653320e-01
1.050428897142410278e-01
7.581117004156112671e-02
1.010223552584648132e-01
1.109256669878959656e-01
1.237277016043663025e-01
1.078747063875198364e-01
9.509459137916564941e-02
9.625118225812911987e-02
1.182660683989524841e-01
1.477478146553039551e-01
1.405973285436630249e-01
1.845803707838058472e-01
1.375003606081008911e-01
8.630953729152679443e-02
1.092868670821189880e-01
1.445163041353225708e-01
1.432042270898818970e-01
1.845639050006866455e-01
1.244340687990188599e-01
8.915644139051437378e-02
1.167055889964103699e-01
1.340188831090927124e-01
1.646141111850738525e-01
1.368988454341888428e-01
1.297986209392547607e-01
1.068847551941871643e-01
1.309321671724319458e-01
1.505324095487594604e-01
1.842572242021560669e-01
1.550267934799194336e-01
1.470663249492645264e-01
9.664008021354675293e-02
1.209189742803573608e-01
1.309584379196166992e-01
1.596074402332305908e-01
1.325142830610275269e-01
1.145829185843467712e-01
1.051229983568191528e-01
1.327680945396423340e-01
1.413072198629379272e-01
1.720930188894271851e-01
1.380979865789413452e-01
1.206087619066238403e-01
1.005195453763008118e-01
1.250305622816085815e-01
1.355757117271423340e-01
1.720393747091293335e-01
1.321872025728225708e-01
1.189054772257804871e-01
1.103536561131477356e-01
1.363807022571563721e-01
1.451042741537094116e-01
1.573455333709716797e-01
1.266952157020568848e-01
1.173322871327400208e-01
8.915906399488449097e-02
1.253269165754318237e-01
1.271562874317169189e-01
1.651645302772521973e-01
1.267914772033691406e-01
1.209875345230102539e-01
8.765615522861480713e-02
1.157855764031410217e-01
1.464915871620178223e-01
1.510949432849884033e-01
1.780433654785156250e-01
1.078002601861953735e-01
1.216305047273635864e-01
1.436586678028106689e-01
1.648378968238830566e-01
1.938137561082839966e-01
1.600708663463592529e-01
1.379269659519195557e-01
8.516618609428405762e-02
1.058729290962219238e-01
1.145125329494476318e-01
1.291258484125137329e-01
1.127793043851852417e-01
1.081782057881355286e-01
7.728923112154006958e-02
1.051445975899696350e-01
1.082335188984870911e-01
1.170727312564849854e-01
1.081546247005462646e-01
1.142486482858657837e-01
1.241627112030982971e-01
1.623210608959197998e-01
1.613503396511077881e-01
2.032868415117263794e-01
1.599663048982620239e-01
1.360465139150619507e-01
1.059465035796165466e-01
1.413428038358688354e-01
1.558856666088104248e-01
1.689569354057312012e-01
1.324782222509384155e-01
1.183895915746688843e-01
8.783132582902908325e-02
1.077652722597122192e-01
1.333081871271133423e-01
1.705420017242431641e-01
1.279433518648147583e-01
1.126547977328300476e-01
1.163946539163589478e-01
1.415295302867889404e-01
1.763789951801300049e-01
2.216899544000625610e-01
1.687552481889724731e-01
1.486793458461761475e-01
7.332595437765121460e-02
1.066254600882530212e-01
9.886871278285980225e-02
1.238480210304260254e-01
1.063589751720428467e-01
1.030403673648834229e-01
9.025394916534423828e-02
1.263106912374496460e-01
1.114032715559005737e-01
1.443147063255310059e-01
1.186616122722625732e-01
9.464297443628311157e-02
1.097970455884933472e-01
1.411724090576171875e-01
1.467801034450531006e-01
1.983367502689361572e-01
1.417504549026489258e-01
1.317830383777618408e-01
9.271661937236785889e-02
1.245475485920906067e-01
1.143708676099777222e-01
1.357592493295669556e-01
1.112127527594566345e-01
1.046088263392448425e-01
9.761904180049896240e-02
1.242099255323410034e-01
1.302238702774047852e-01
1.653139740228652954e-01
1.218867674469947815e-01
1.103175207972526550e-01
9.551241248846054077e-02
1.286151558160781860e-01
1.298276335000991821e-01
1.821381151676177979e-01
1.358405798673629761e-01
1.337773650884628296e-01
9.479998052120208740e-02
1.203299537301063538e-01
1.267403811216354370e-01
1.888737976551055908e-01
1.298565268516540527e-01
1.149857416749000549e-01
8.855824172496795654e-02
1.195154860615730286e-01
1.325072646141052246e-01
1.506478488445281982e-01
1.234181672334671021e-01
1.208117306232452393e-01
1.036900356411933899e-01
1.268038004636764526e-01
1.293973326683044434e-01
1.634368598461151123e-01
1.211281940340995789e-01
1.350128054618835449e-01
9.473998844623565674e-02
1.194395646452903748e-01
1.346475183963775635e-01
1.542313694953918457e-01
1.337204128503799438e-01
1.211500391364097595e-01
9.588568657636642456e-02
1.324927657842636108e-01
1.380748301744461060e-01
1.484802961349487305e-01
1.252946704626083374e-01
1.117509379982948303e-01
7.981178164482116699e-02
9.599486738443374634e-02
1.127449125051498413e-01
1.192032173275947571e-01
1.037951707839965820e-01
9.223711490631103516e-02
7.819275557994842529e-02
1.041016057133674622e-01
1.002051532268524170e-01
1.231767237186431885e-01
9.967787563800811768e-02
8.998832851648330688e-02
7.666448503732681274e-02
9.373655915260314941e-02
1.112222895026206970e-01
1.457475721836090088e-01
1.718491464853286743e-01
1.101628839969635010e-01
9.407307952642440796e-02
1.054115965962409973e-01
1.262224167585372925e-01
1.618415862321853638e-01
1.403901875019073486e-01
1.403210908174514771e-01
7.793705165386199951e-02
1.252253651618957520e-01
1.360418498516082764e-01
1.567764878273010254e-01
1.217921003699302673e-01
1.024152860045433044e-01
1.115822866559028625e-01
1.587761044502258301e-01
1.715623289346694946e-01
1.919332295656204224e-01
1.491228789091110229e-01
1.293112784624099731e-01
6.800185143947601318e-02
1.065115183591842651e-01
1.039861887693405151e-01
1.222462728619575500e-01
1.026890575885772705e-01
9.018526971340179443e-02
8.580284565687179565e-02
1.305029690265655518e-01
1.362461298704147339e-01
1.517488658428192139e-01
1.213846877217292786e-01
1.078422740101814270e-01
8.492960780858993530e-02
1.429385691881179810e-01
1.296442747116088867e-01
1.429663449525833130e-01
1.108054667711257935e-01
1.038260385394096375e-01
8.045798540115356445e-02
2.583001852035522461e-01
1.331062316894531250e-01
1.809166371822357178e-01
1.088705509901046753e-01
9.596899896860122681e-02
1.002454161643981934e-01
1.257456839084625244e-01
1.440709233283996582e-01
1.563311368227005005e-01
1.309318840503692627e-01
1.152323111891746521e-01
7.290215045213699341e-02
8.746276795864105225e-02
1.057004630565643311e-01
1.659013926982879639e-01
1.200387999415397644e-01
8.877506107091903687e-02
8.836396783590316772e-02
1.423895508050918579e-01
1.717166453599929810e-01
1.572744846343994141e-01
1.275111585855484009e-01
1.022996306419372559e-01
7.740215957164764404e-02
8.900474756956100464e-02
1.221915408968925476e-01
1.211417913436889648e-01
9.928703308105468750e-02
9.733445197343826294e-02
7.414454221725463867e-02
1.439404338598251343e-01
1.252611428499221802e-01
1.346341520547866821e-01
1.033626794815063477e-01
9.013661742210388184e-02
9.522481262683868408e-02
1.216692626476287842e-01
1.374933421611785889e-01
1.383335292339324951e-01
1.109878569841384888e-01
9.614500403404235840e-02
7.756135612726211548e-02
1.667195558547973633e-01
2.169389277696609497e-01
1.943385004997253418e-01
1.299387216567993164e-01
9.248232096433639526e-02
1.042370274662971497e-01
2.140647619962692261e-01
2.000684589147567749e-01
2.082930952310562134e-01
1.670652478933334351e-01
1.499471515417098999e-01
8.424373716115951538e-02
1.637287437915802002e-01
1.876690387725830078e-01
1.761077195405960083e-01
1.311890929937362671e-01
1.233623549342155457e-01
9.045135229825973511e-02
1.502007097005844116e-01
2.114160209894180298e-01
2.188474833965301514e-01
1.809673905372619629e-01
1.398239582777023315e-01
7.727843523025512695e-02
9.909807145595550537e-02
1.131352409720420837e-01
1.580254286527633667e-01
1.233494058251380920e-01
1.038090586662292480e-01
7.682392746210098267e-02
1.084950044751167297e-01
1.203601881861686707e-01
1.444477289915084839e-01
1.217715814709663391e-01
1.016288474202156067e-01
7.105325907468795776e-02
1.252926886081695557e-01
1.305510550737380981e-01
1.526394635438919067e-01
1.278842240571975708e-01
1.088759377598762512e-01
7.850050926208496094e-02
9.336040169000625610e-02
1.094624921679496765e-01
1.282438039779663086e-01
1.117955520749092102e-01
1.093674972653388977e-01
7.626933604478836060e-02
9.663860499858856201e-02
1.125583648681640625e-01
1.231399849057197571e-01
1.044930294156074524e-01
9.710784256458282471e-02
9.430307149887084961e-02
1.152006611227989197e-01
1.419673711061477661e-01
1.733099818229675293e-01
1.503693759441375732e-01
1.185392737388610840e-01
9.318226575851440430e-02
1.195176765322685242e-01
1.689774841070175171e-01
1.872707009315490723e-01
1.643976122140884399e-01
1.280763596296310425e-01
7.959654182195663452e-02
8.870603144168853760e-02
1.213621795177459717e-01
1.475846469402313232e-01
1.277264952659606934e-01
1.070636212825775146e-01
6.420468538999557495e-02
7.515219599008560181e-02
9.783177822828292847e-02
1.046892553567886353e-01
1.027220487594604492e-01
9.775757044553756714e-02
7.154203206300735474e-02
8.241889625787734985e-02
1.042730659246444702e-01
1.470799297094345093e-01
1.159977018833160400e-01
9.906473010778427124e-02
7.333980500698089600e-02
9.670210629701614380e-02
1.164898425340652466e-01
1.303361058235168457e-01
1.201522201299667358e-01
1.027565896511077881e-01
6.903041154146194458e-02
8.170817792415618896e-02
9.750988334417343140e-02
1.137895286083221436e-01
1.015455648303031921e-01
9.297433495521545410e-02
7.758138328790664673e-02
8.321361988782882690e-02
1.112947538495063782e-01
1.351483762264251709e-01
1.166427880525588989e-01
1.192119941115379333e-01
6.912053376436233521e-02
9.629929065704345703e-02
1.191306486725807190e-01
1.547759473323822021e-01
1.372575014829635620e-01
9.672124683856964111e-02
7.703691720962524414e-02
1.093502715229988098e-01
1.195647865533828735e-01
1.433626264333724976e-01
1.461828052997589111e-01
1.126411929726600647e-01
