8.016388118267059326e-02
8.421336859464645386e-02
9.369227290153503418e-02
1.253700256347656250e-01
1.461480855941772461e-01
1.800728887319564819e-01
2.338664084672927856e-01
1.407630890607833862e-01
1.057720482349395752e-01
8.248364180326461792e-02
5.552500486373901367e-02
6.615283340215682983e-02
7.618734240531921387e-02
9.663609415292739868e-02
9.830006957054138184e-02
1.015806719660758972e-01
9.825125336647033691e-02
1.281266510486602783e-01
1.917292922735214233e-01
1.749393045902252197e-01
1.203910857439041138e-01
1.198747381567955017e-01
6.920497119426727295e-02
6.276945024728775024e-02
6.222784519195556641e-02
7.048382610082626343e-02
8.815409243106842041e-02
8.933386206626892090e-02
1.059424206614494324e-01
1.108124852180480957e-01
1.271558701992034912e-01
1.555110514163970947e-01
1.722909063100814819e-01
1.371709704399108887e-01
1.269586086273193359e-01
9.525708854198455811e-02
7.421394437551498413e-02
7.475724071264266968e-02
8.351773768663406372e-02
8.525120466947555542e-02
8.808136731386184692e-02
1.037404388189315796e-01
1.091900318861007690e-01
1.170317828655242920e-01
1.325501203536987305e-01
1.370532512664794922e-01
1.209111958742141724e-01
1.443507671356201172e-01
1.061200648546218872e-01
7.715159654617309570e-02
7.536969333887100220e-02
8.767094463109970093e-02
7.118132710456848145e-02
7.356242835521697998e-02
8.178398758172988892e-02
7.922832667827606201e-02
8.262605220079421997e-02
9.683644771575927734e-02
1.057912930846214294e-01
8.472047746181488037e-02
1.233608499169349670e-01
8.018206059932708740e-02
6.375773251056671143e-02
5.670093744993209839e-02
7.015118747949600220e-02
6.630165874958038330e-02
6.757551431655883789e-02
8.261955529451370239e-02
7.977785915136337280e-02
8.563911914825439453e-02
1.017465069890022278e-01
1.247880607843399048e-01
1.088053584098815918e-01
8.304320275783538818e-02
7.323403656482696533e-02
5.618607997894287109e-02
6.352778524160385132e-02
6.891391426324844360e-02
7.721698284149169922e-02
8.183382451534271240e-02
1.022796556353569031e-01
1.191366016864776611e-01
1.149511486291885376e-01
1.441071182489395142e-01
2.106929570436477661e-01
1.635117232799530029e-01
1.335639059543609619e-01
8.537764847278594971e-02
6.986059248447418213e-02
7.501783967018127441e-02
7.943992316722869873e-02
7.613316178321838379e-02
7.931038737297058105e-02
8.672268688678741455e-02
9.425739198923110962e-02
9.006383270025253296e-02
1.065742671489715576e-01
1.158059090375900269e-01
9.082321077585220337e-02
8.768657594919204712e-02
6.905172765254974365e-02
5.892835184931755066e-02
6.189339235424995422e-02
6.916358321905136108e-02
6.314665824174880981e-02
6.551312655210494995e-02
6.473420560359954834e-02
6.882879883050918579e-02
7.034897804260253906e-02
8.846005052328109741e-02
9.299162030220031738e-02
7.568828761577606201e-02
6.868975609540939331e-02
5.818279832601547241e-02
4.712149873375892639e-02
5.331790447235107422e-02
6.151256337761878967e-02
6.229170411825180054e-02
7.076881825923919678e-02
7.667894661426544189e-02
8.121620863676071167e-02
7.669200748205184937e-02
9.209076315164566040e-02
1.023335978388786316e-01
8.198648691177368164e-02
8.478038012981414795e-02
6.835116446018218994e-02
5.672067403793334961e-02
5.959331989288330078e-02
6.673955172300338745e-02
7.300203293561935425e-02
7.266511768102645874e-02
7.565037161111831665e-02
7.929946482181549072e-02
7.851639389991760254e-02
8.826927840709686279e-02
1.076044514775276184e-01
8.398001641035079956e-02
8.282484859228134155e-02
6.693384796380996704e-02
5.624283105134963989e-02
5.926218628883361816e-02
6.387700140476226807e-02
6.082371622323989868e-02
6.291159987449645996e-02
6.737118959426879883e-02
7.647376507520675659e-02
7.741998136043548584e-02
1.009807288646697998e-01
1.078409105539321899e-01
8.930590003728866577e-02
8.204715698957443237e-02
6.203537434339523315e-02
5.087564885616302490e-02
5.465128272771835327e-02
5.746265128254890442e-02
6.450590491294860840e-02
6.126389279961585999e-02
6.414049118757247925e-02
7.389014214277267456e-02
7.231344282627105713e-02
8.822260797023773193e-02
9.844301640987396240e-02
8.435208350419998169e-02
7.078868150711059570e-02
5.959769710898399353e-02
5.131904780864715576e-02
5.560108646750450134e-02
6.388781964778900146e-02
8.266557753086090088e-02
7.095727324485778809e-02
8.337870985269546509e-02
8.357220143079757690e-02
1.257717162370681763e-01
1.740989387035369873e-01
1.240011975169181824e-01
8.317302167415618896e-02
8.517576754093170166e-02
6.161238253116607666e-02
5.058411881327629089e-02
5.338412523269653320e-02
6.797168403863906860e-02
7.180860638618469238e-02
6.729731708765029907e-02
7.582037150859832764e-02
8.621706068515777588e-02
9.261282533407211304e-02
1.016720160841941833e-01
1.186662763357162476e-01
9.862791001796722412e-02
8.381647616624832153e-02
6.624836474657058716e-02
5.573337897658348083e-02
5.747009068727493286e-02
6.188785284757614136e-02
7.158508151769638062e-02
7.118230313062667847e-02
8.986827731132507324e-02
8.889438211917877197e-02
8.826185762882232666e-02
1.062564626336097717e-01
1.248252317309379578e-01
9.399064630270004272e-02
8.534489572048187256e-02
6.668177992105484009e-02
5.675954744219779968e-02
5.539690703153610229e-02
6.543421745300292969e-02
6.824516505002975464e-02
7.277514040470123291e-02
7.522177696228027344e-02
8.558479696512222290e-02
1.209655031561851501e-01
1.532983332872390747e-01
1.493706405162811279e-01
1.059932634234428406e-01
1.218896955251693726e-01
7.655066996812820435e-02
5.602009221911430359e-02
5.726429820060729980e-02
6.018986180424690247e-02
7.111597061157226562e-02
7.446285337209701538e-02
9.083716571331024170e-02
8.899422734975814819e-02
1.045839264988899231e-01
1.239025741815567017e-01
1.287706643342971802e-01
8.635951578617095947e-02
9.218049794435501099e-02
7.482766360044479370e-02
5.884196609258651733e-02
5.766702070832252502e-02
6.717712432146072388e-02
6.785888969898223877e-02
6.796204298734664917e-02
7.952773571014404297e-02
7.938014715909957886e-02
1.073192879557609558e-01
1.693894565105438232e-01
1.541105359792709351e-01
1.020298376679420471e-01
1.291487514972686768e-01
7.857151329517364502e-02
6.037209182977676392e-02
5.270271375775337219e-02
6.161224842071533203e-02
7.229137420654296875e-02
6.805296987295150757e-02
7.883962988853454590e-02
7.838476449251174927e-02
9.401236474514007568e-02
1.486252695322036743e-01
1.406505107879638672e-01
9.510125219821929932e-02
9.974475950002670288e-02
6.964553147554397583e-02
5.375712364912033081e-02
5.636984482407569885e-02
5.982743576169013977e-02
7.381995767354965210e-02
7.944796979427337646e-02
9.012029320001602173e-02
9.539022296667098999e-02
1.033575981855392456e-01
1.167235895991325378e-01
1.372732222080230713e-01
1.063441857695579529e-01
9.283488243818283081e-02
7.274379581212997437e-02
6.401083618402481079e-02
6.949757784605026245e-02
7.404140383005142212e-02
7.997547835111618042e-02
7.427287846803665161e-02
8.358675986528396606e-02
7.454921305179595947e-02
8.148192614316940308e-02
9.986153990030288696e-02
1.143197268247604370e-01
8.260482549667358398e-02
8.027713745832443237e-02
6.490746885538101196e-02
5.666524544358253479e-02
5.688245594501495361e-02
6.570845842361450195e-02
8.598239719867706299e-02
8.072488009929656982e-02
9.320957958698272705e-02
1.026744246482849121e-01
1.084090247750282288e-01
1.324357986450195312e-01
1.497186571359634399e-01
1.142332702875137329e-01
1.125275418162345886e-01
8.263126015663146973e-02
7.539390027523040771e-02
7.217986136674880981e-02
7.664194703102111816e-02
8.033061027526855469e-02
7.500603795051574707e-02
8.247531205415725708e-02
8.591419458389282227e-02
9.130685031414031982e-02
1.158442795276641846e-01
1.349132806062698364e-01
1.025934591889381409e-01
1.044787093997001648e-01
7.959873229265213013e-02
6.334245204925537109e-02
5.876341834664344788e-02
6.455131620168685913e-02
9.440642595291137695e-02
8.886329829692840576e-02
9.475125372409820557e-02
1.126444786787033081e-01
1.125148534774780273e-01
1.535279452800750732e-01
1.292885392904281616e-01
9.476437419652938843e-02
9.004012495279312134e-02
6.907309591770172119e-02
6.399405747652053833e-02
6.739683449268341064e-02
7.935815304517745972e-02
6.895337253808975220e-02
6.751722097396850586e-02
8.997308462858200073e-02
9.861975908279418945e-02
1.038962900638580322e-01
1.307361572980880737e-01
1.425715833902359009e-01
1.140659302473068237e-01
1.309347897768020630e-01
7.274252921342849731e-02
6.130997091531753540e-02
5.774417147040367126e-02
6.297620385885238647e-02
8.215757459402084351e-02
7.814484089612960815e-02
9.096574038267135620e-02
9.016134589910507202e-02
9.345874935388565063e-02
1.205707937479019165e-01
1.246744021773338318e-01
9.046107530593872070e-02
1.052121073007583618e-01
7.596235722303390503e-02
6.199313700199127197e-02
6.028981879353523254e-02
6.663721799850463867e-02
9.913062304258346558e-02
1.020867004990577698e-01
1.158671304583549500e-01
1.271072477102279663e-01
1.239606589078903198e-01
1.552472412586212158e-01
1.915874481201171875e-01
1.298445612192153931e-01
1.357676982879638672e-01
8.662689477205276489e-02
7.134429365396499634e-02
7.555171847343444824e-02
8.703526109457015991e-02
8.297396451234817505e-02
7.742413878440856934e-02
8.804960548877716064e-02
8.943209052085876465e-02
9.603101015090942383e-02
1.200899854302406311e-01
1.536142379045486450e-01
1.159595176577568054e-01
1.239955723285675049e-01
7.443505525588989258e-02
5.835939943790435791e-02
5.343031510710716248e-02
6.717797368764877319e-02
9.567299485206604004e-02
7.497100532054901123e-02
7.894874364137649536e-02
8.531109243631362915e-02
1.018102020025253296e-01
1.626430898904800415e-01
1.994297802448272705e-01
1.366755813360214233e-01
9.598129242658615112e-02
7.556232064962387085e-02
5.576286092400550842e-02
5.457879975438117981e-02
6.661697477102279663e-02
8.060973137617111206e-02
8.186488598585128784e-02
1.061797887086868286e-01
1.077430397272109985e-01
1.151205226778984070e-01
1.571677178144454956e-01
1.570621281862258911e-01
1.197123602032661438e-01
9.406310319900512695e-02
7.900401204824447632e-02
6.090242043137550354e-02
6.105745956301689148e-02
7.630344480276107788e-02
8.267098665237426758e-02
8.105137199163436890e-02
1.066512316465377808e-01
1.122408658266067505e-01
1.212795525789260864e-01
1.830533444881439209e-01
1.815757155418395996e-01
1.357551515102386475e-01
9.476380795240402222e-02
8.121281117200851440e-02
6.176520138978958130e-02
6.976533681154251099e-02
7.788114994764328003e-02
6.958859413862228394e-02
6.688317656517028809e-02
8.303343504667282104e-02
9.143630415201187134e-02
1.050715893507003784e-01
1.622916758060455322e-01
2.133501023054122925e-01
1.930670142173767090e-01
8.193792402744293213e-02
6.578440219163894653e-02
4.982426017522811890e-02
5.186173692345619202e-02
6.172481924295425415e-02
7.626469433307647705e-02
7.600785791873931885e-02
8.781302720308303833e-02
1.012616902589797974e-01
1.115687713027000427e-01
1.261151731014251709e-01
1.809511780738830566e-01
1.677421629428863525e-01
8.682670444250106812e-02
7.081170380115509033e-02
5.766093730926513672e-02
6.385945528745651245e-02
7.591787725687026978e-02
6.984498351812362671e-02
7.072798907756805420e-02
8.641487360000610352e-02
8.950459212064743042e-02
1.001503691077232361e-01
1.639369279146194458e-01
1.609176248311996460e-01
1.212639436125755310e-01
8.264105767011642456e-02
7.432079315185546875e-02
5.473984032869338989e-02
5.735341832041740417e-02
6.774927675724029541e-02
7.309673726558685303e-02
7.870597392320632935e-02
8.963093161582946777e-02
1.004400327801704407e-01
1.103486269712448120e-01
1.779989451169967651e-01
1.499576568603515625e-01
1.035946756601333618e-01
8.729904890060424805e-02
7.128026336431503296e-02
5.575110390782356262e-02
6.028945371508598328e-02
6.729630380868911743e-02
8.387448638677597046e-02
8.430857211351394653e-02
1.027980744838714600e-01
8.880289644002914429e-02
9.746681898832321167e-02
1.827851533889770508e-01
1.561286002397537231e-01
1.013890802860260010e-01
8.091320097446441650e-02
7.519171386957168579e-02
6.145611032843589783e-02
6.726792454719543457e-02
6.881122291088104248e-02
8.504527062177658081e-02
8.416107296943664551e-02
1.015354469418525696e-01
9.762062877416610718e-02
1.061923354864120483e-01
1.645303219556808472e-01
1.645948439836502075e-01
1.090282350778579712e-01
8.863018453121185303e-02
7.285970449447631836e-02
6.907404214143753052e-02
6.639309972524642944e-02
7.603852450847625732e-02
6.536966562271118164e-02
6.789861619472503662e-02
9.560795873403549194e-02
8.911319822072982788e-02
1.051204130053520203e-01
1.327646970748901367e-01
1.568173766136169434e-01
1.112829670310020447e-01
8.345090597867965698e-02
7.922349125146865845e-02
5.949795246124267578e-02
6.379531323909759521e-02
7.470057159662246704e-02
6.147717684507369995e-02
6.457626819610595703e-02
9.581241756677627563e-02
9.012237936258316040e-02
1.460464000701904297e-01
2.117249518632888794e-01
3.248221278190612793e-01
1.364859789609909058e-01
1.047028005123138428e-01
7.750936597585678101e-02
6.213417276740074158e-02
5.488732829689979553e-02
6.238012015819549561e-02
6.861647963523864746e-02
6.866207718849182129e-02
9.007923305034637451e-02
8.434157818555831909e-02
1.011771932244300842e-01
1.464077383279800415e-01
2.011118084192276001e-01
1.228867098689079285e-01
1.066585257649421692e-01
7.519655674695968628e-02
5.775511637330055237e-02
5.439532175660133362e-02
6.180647015571594238e-02
8.362177759408950806e-02
7.842592895030975342e-02
9.020568430423736572e-02
1.027356609702110291e-01
1.289034783840179443e-01
1.764488816261291504e-01
1.666349023580551147e-01
1.005154699087142944e-01
1.188248619437217712e-01
8.922583609819412231e-02
7.067888975143432617e-02
6.624399125576019287e-02
7.544630765914916992e-02
6.350766867399215698e-02
7.102820277214050293e-02
9.376019984483718872e-02
9.114988893270492554e-02
1.122280880808830261e-01
1.733684241771697998e-01
1.450238823890686035e-01
9.646347165107727051e-02
9.209209680557250977e-02
7.675589621067047119e-02
6.510818749666213989e-02
5.318841338157653809e-02
6.270956993103027344e-02
7.288909703493118286e-02
7.481703907251358032e-02
8.623711764812469482e-02
9.483039379119873047e-02
1.005809307098388672e-01
1.281641870737075806e-01
1.338941901922225952e-01
1.068135946989059448e-01
1.245571970939636230e-01
7.907957583665847778e-02
6.441435217857360840e-02
5.632071197032928467e-02
6.704002618789672852e-02
8.781249821186065674e-02
8.603900671005249023e-02
9.644153714179992676e-02
1.000374779105186462e-01
1.167698279023170471e-01
1.301049143075942993e-01
1.362191587686538696e-01
9.847121685743331909e-02
9.674719721078872681e-02
7.577890157699584961e-02
6.239827349781990051e-02
6.707867980003356934e-02
7.703261822462081909e-02
8.342713117599487305e-02
7.967107743024826050e-02
8.425723761320114136e-02
7.669294625520706177e-02
8.400566875934600830e-02
1.156115531921386719e-01
1.177002638578414917e-01
8.946628868579864502e-02
1.048514544963836670e-01
7.106821238994598389e-02
5.754347145557403564e-02
5.686568841338157654e-02
6.702560186386108398e-02
7.239642739295959473e-02
6.971251964569091797e-02
7.965120673179626465e-02
8.049622178077697754e-02
8.908304572105407715e-02
1.086847260594367981e-01
1.296417266130447388e-01
9.711110591888427734e-02
1.050111576914787292e-01
6.527441740036010742e-02
5.330607667565345764e-02
5.358202010393142700e-02
6.000031530857086182e-02
5.574763938784599304e-02
5.902661755681037903e-02
7.059349119663238525e-02
6.711485236883163452e-02
7.384566962718963623e-02
9.722287207841873169e-02
1.172112822532653809e-01
8.148941397666931152e-02
9.199320524930953979e-02
6.024057045578956604e-02
4.757094010710716248e-02
4.495897144079208374e-02
4.952306300401687622e-02
6.901559233665466309e-02
7.023657113313674927e-02
8.800213783979415894e-02
7.884752750396728516e-02
8.854649215936660767e-02
1.259307563304901123e-01
1.383723318576812744e-01
1.008168235421180725e-01
1.317010074853897095e-01
7.374286651611328125e-02
5.723315104842185974e-02
5.336045101284980774e-02
6.473545730113983154e-02
6.544611603021621704e-02
7.163177430629730225e-02
8.389987051486968994e-02
8.462568372488021851e-02
1.332097053527832031e-01
1.251480281352996826e-01
1.656819432973861694e-01
1.064219027757644653e-01
1.018798872828483582e-01
6.722597777843475342e-02
5.490105971693992615e-02
5.248543992638587952e-02
6.024679914116859436e-02
7.397393882274627686e-02
8.349049836397171021e-02
9.315423667430877686e-02
8.557493239641189575e-02
1.205348744988441467e-01
1.315271854400634766e-01
1.742395758628845215e-01
1.131078824400901794e-01
1.394883990287780762e-01
7.354292273521423340e-02
6.281918287277221680e-02
6.037613376975059509e-02
6.900639832019805908e-02
6.374952942132949829e-02
6.613909453153610229e-02
8.216314017772674561e-02
7.703386992216110229e-02
8.735548704862594604e-02
1.047026291489601135e-01
1.294670403003692627e-01
9.820550680160522461e-02
9.470287710428237915e-02
6.606390327215194702e-02
4.751734063029289246e-02
5.294619500637054443e-02
6.075075641274452209e-02
6.623883545398712158e-02
6.149353086948394775e-02
8.501076698303222656e-02
8.883208781480789185e-02
1.123251244425773621e-01
1.414173245429992676e-01
1.549903601408004761e-01
1.208370998501777649e-01
9.692398458719253540e-02
6.161095947027206421e-02
4.716018959879875183e-02
5.186689645051956177e-02
6.571627408266067505e-02
6.706017255783081055e-02
6.571587920188903809e-02
7.853264361619949341e-02
9.614191204309463501e-02
1.228323951363563538e-01
1.295340061187744141e-01
1.538023203611373901e-01
1.134375184774398804e-01
9.515170007944107056e-02
6.826810538768768311e-02
5.426010861992835999e-02
5.678582191467285156e-02
7.166007906198501587e-02
6.953299045562744141e-02
7.598060369491577148e-02
9.525959938764572144e-02
1.021673083305358887e-01
1.153598725795745850e-01
1.289910823106765747e-01
1.793906688690185547e-01
1.659965664148330688e-01
1.149676218628883362e-01
8.046931773424148560e-02
5.927246436476707458e-02
6.461697816848754883e-02
7.753770053386688232e-02
1.036840826272964478e-01
9.125882387161254883e-02
1.002048403024673462e-01
1.561016291379928589e-01
2.433965951204299927e-01
3.127314448356628418e-01
2.764013707637786865e-01
2.010595202445983887e-01
1.897057890892028809e-01
1.208743453025817871e-01
6.375863403081893921e-02
5.519496276974678040e-02
7.346381992101669312e-02
6.660653650760650635e-02
7.147110253572463989e-02
8.038230985403060913e-02
9.143683314323425293e-02
1.297220289707183838e-01
1.571769416332244873e-01
2.129603922367095947e-01
1.640326678752899170e-01
1.429096609354019165e-01
9.016898274421691895e-02
5.990465730428695679e-02
5.262399092316627502e-02
6.096011027693748474e-02
6.084004789590835571e-02
6.969075649976730347e-02
8.235485851764678955e-02
9.256487339735031128e-02
1.541411131620407104e-01
2.099047750234603882e-01
3.144690692424774170e-01
2.035251259803771973e-01
1.121556684374809265e-01
6.663512438535690308e-02
5.088455602526664734e-02
5.522505193948745728e-02
6.107434630393981934e-02
6.959144771099090576e-02
7.327673584222793579e-02
8.925205469131469727e-02
9.329311549663543701e-02
1.206853762269020081e-01
1.141077429056167603e-01
1.261287331581115723e-01
1.226926445960998535e-01
1.032195687294006348e-01
6.802632659673690796e-02
5.757288262248039246e-02
6.472548842430114746e-02
7.481462508440017700e-02
6.723957508802413940e-02
6.950245052576065063e-02
7.870792597532272339e-02
7.964191585779190063e-02
1.076830998063087463e-01
1.084600836038589478e-01
1.375922411680221558e-01
1.052460446953773499e-01
9.330379217863082886e-02
7.264454662799835205e-02
5.265101417899131775e-02
5.930056422948837280e-02
6.352259218692779541e-02
7.014337927103042603e-02
7.017759233713150024e-02
8.536025136709213257e-02
9.740518033504486084e-02
1.345441937446594238e-01
1.618506610393524170e-01
1.796017885208129883e-01
1.288840174674987793e-01
1.004305705428123474e-01
7.432626187801361084e-02
5.789954960346221924e-02
6.044586375355720520e-02
6.477728486061096191e-02
6.071864813566207886e-02
6.185841560363769531e-02
8.056998252868652344e-02
8.390175551176071167e-02
1.183233708143234253e-01
1.184134185314178467e-01
1.462409794330596924e-01
1.292214840650558472e-01
8.921551704406738281e-02
6.672582030296325684e-02
5.036712065339088440e-02
5.688329041004180908e-02
5.895831435918807983e-02
7.431340962648391724e-02
7.814551144838333130e-02
8.566151559352874756e-02
9.786082059144973755e-02
1.201024055480957031e-01
1.137220188975334167e-01
1.215215176343917847e-01
1.043080165982246399e-01
9.376524388790130615e-02
7.010237127542495728e-02
5.586591362953186035e-02
6.116934120655059814e-02
6.652791798114776611e-02
6.429103016853332520e-02
9.458716213703155518e-02
8.613691478967666626e-02
8.487723022699356079e-02
1.017126739025115967e-01
1.014226377010345459e-01
1.217374503612518311e-01
1.013286709785461426e-01
9.113305062055587769e-02
7.211158424615859985e-02
5.529017746448516846e-02
5.804586410522460938e-02
6.560829281806945801e-02
6.107984483242034912e-02
8.976848423480987549e-02
8.888668566942214966e-02
9.054789692163467407e-02
1.055402755737304688e-01
1.275622099637985229e-01
2.085229605436325073e-01
1.162971258163452148e-01
9.970200061798095703e-02
7.208993285894393921e-02
6.978271901607513428e-02
6.340488046407699585e-02
7.334832102060317993e-02
5.171836540102958679e-02
6.808441132307052612e-02
8.418183028697967529e-02
8.626931160688400269e-02
1.106770560145378113e-01
1.046895980834960938e-01
1.281581819057464600e-01
1.270825713872909546e-01
8.931714296340942383e-02
6.249011680483818054e-02
4.839946329593658447e-02
5.565664544701576233e-02
6.473693996667861938e-02
5.431063473224639893e-02
7.025478035211563110e-02
8.074387907981872559e-02
8.892033994197845459e-02
1.080821156501770020e-01
1.104401201009750366e-01
1.588080227375030518e-01
8.798488974571228027e-02
8.088250458240509033e-02
6.433556973934173584e-02
4.881314188241958618e-02
5.544033274054527283e-02
6.249083206057548523e-02
5.773987993597984314e-02
7.333135604858398438e-02
7.776647806167602539e-02
7.867087423801422119e-02
1.009121984243392944e-01
1.239908263087272644e-01
1.708980798721313477e-01
9.785941243171691895e-02
7.032468169927597046e-02
6.099679321050643921e-02
5.278337374329566956e-02
5.355269089341163635e-02
5.909938737750053406e-02
6.785523891448974609e-02
8.383064717054367065e-02
7.667471468448638916e-02
7.161749899387359619e-02
9.293406456708908081e-02
1.059526279568672180e-01
1.424386799335479736e-01
8.736269176006317139e-02
7.924992591142654419e-02
6.051093712449073792e-02
5.609596148133277893e-02
5.592452734708786011e-02
6.336567550897598267e-02
7.128632068634033203e-02
8.206380903720855713e-02
8.997672796249389648e-02
1.016152352094650269e-01
1.217667609453201294e-01
1.414998918771743774e-01
1.784153580665588379e-01
8.283951133489608765e-02
6.995075196027755737e-02
6.230046600103378296e-02
5.551042780280113220e-02
5.616671591997146606e-02
7.306267321109771729e-02
6.095767766237258911e-02
7.404518872499465942e-02
8.242072165012359619e-02
1.112841963768005371e-01
1.358755677938461304e-01
1.385198533535003662e-01
1.317027509212493896e-01
1.016590669751167297e-01
6.786224246025085449e-02
5.886162817478179932e-02
5.687292292714118958e-02
5.898093804717063904e-02
6.523797661066055298e-02
6.639838218688964844e-02
8.939024806022644043e-02
9.481398761272430420e-02
9.865435957908630371e-02
1.230875328183174133e-01
1.333852857351303101e-01
1.673668920993804932e-01
1.080196127295494080e-01
8.596362173557281494e-02
6.954088807106018066e-02
6.142212077975273132e-02
5.937690660357475281e-02
7.559900730848312378e-02
5.897170305252075195e-02
8.031753450632095337e-02
7.963262498378753662e-02
8.035251498222351074e-02
1.026298850774765015e-01
1.051512882113456726e-01
1.205183938145637512e-01
7.664716243743896484e-02
6.396261602640151978e-02
5.374019965529441833e-02
4.992534592747688293e-02
5.634963884949684143e-02
6.857782602310180664e-02
5.451694875955581665e-02
7.342569530010223389e-02
7.560874521732330322e-02
7.331640273332595825e-02
9.050859510898590088e-02
1.079800575971603394e-01
1.431871801614761353e-01
7.879403233528137207e-02
7.345950603485107422e-02
5.628112331032752991e-02
5.390625074505805969e-02
5.302696675062179565e-02
6.186903640627861023e-02
6.898220628499984741e-02
7.809859514236450195e-02
8.860474079847335815e-02
8.088559657335281372e-02
9.534982591867446899e-02
1.138890162110328674e-01
1.748471111059188843e-01
9.852714091539382935e-02
8.667785674333572388e-02
6.571840494871139526e-02
6.020515784621238708e-02
6.461907178163528442e-02
8.132625371217727661e-02
6.428078562021255493e-02
8.618943393230438232e-02
8.385304361581802368e-02
8.118974417448043823e-02
9.656448662281036377e-02
1.038682609796524048e-01
1.298315078020095825e-01
8.588785678148269653e-02
7.567984610795974731e-02
6.321087479591369629e-02
5.364571511745452881e-02
6.005486473441123962e-02
7.607603818178176880e-02
6.490450352430343628e-02
7.989751547574996948e-02
8.022661507129669189e-02
7.701421529054641724e-02
1.007446423172950745e-01
9.260384738445281982e-02
1.097874194383621216e-01
7.477339357137680054e-02
6.869429349899291992e-02
6.422938406467437744e-02
6.401745975017547607e-02
6.588396430015563965e-02
7.536102831363677979e-02
6.371413916349411011e-02
7.990733534097671509e-02
7.841236144304275513e-02
7.699805498123168945e-02
9.436179697513580322e-02
9.982281923294067383e-02
1.332957595586776733e-01
8.485611528158187866e-02
7.264908403158187866e-02
6.806701421737670898e-02
6.179742887616157532e-02
7.397644966840744019e-02
7.305300235748291016e-02
5.810895189642906189e-02
7.578055560588836670e-02
8.056809753179550171e-02
7.911610603332519531e-02
9.958446770906448364e-02
9.479089826345443726e-02
1.062720343470573425e-01
7.345087826251983643e-02
7.141043990850448608e-02
5.800789594650268555e-02
5.521106347441673279e-02
6.667984277009963989e-02
6.722129881381988525e-02
6.347028911113739014e-02
8.200788497924804688e-02
9.585838764905929565e-02
1.045503616333007812e-01
1.135243624448776245e-01
1.043325513601303101e-01
1.200846508145332336e-01
8.006613701581954956e-02
7.152219116687774658e-02
6.382320821285247803e-02
5.764307081699371338e-02
6.137732788920402527e-02
7.032605260610580444e-02
