1.149905920028686523e-01
1.271834820508956909e-01
1.297335773706436157e-01
9.230911731719970703e-02
1.229246780276298523e-01
1.301041245460510254e-01
1.106362119317054749e-01
7.571620494127273560e-02
1.441171318292617798e-01
1.516804248094558716e-01
1.320249736309051514e-01
1.075788661837577820e-01
1.182372048497200012e-01
1.335843503475189209e-01
1.203347221016883850e-01
1.052211448550224304e-01
1.078944653272628784e-01
1.138657629489898682e-01
8.934673666954040527e-02
6.740681082010269165e-02
8.535818755626678467e-02
8.962421119213104248e-02
7.403811067342758179e-02
6.124758347868919373e-02
1.081367433071136475e-01
1.205651834607124329e-01
1.068919673562049866e-01
8.455567061901092529e-02
9.209083765745162964e-02
9.687724709510803223e-02
8.488904684782028198e-02
7.181818038225173950e-02
9.748848527669906616e-02
9.816069155931472778e-02
9.133846312761306763e-02
6.799893081188201904e-02
8.198215067386627197e-02
8.541104942560195923e-02
6.974864006042480469e-02
5.955305323004722595e-02
1.037640348076820374e-01
1.175604611635208130e-01
1.134731620550155640e-01
8.502303808927536011e-02
1.060928627848625183e-01
1.054474338889122009e-01
8.545085787773132324e-02
7.905431836843490601e-02
8.638364821672439575e-02
1.005403995513916016e-01
9.883552789688110352e-02
7.222039997577667236e-02
9.304440766572952271e-02
8.963704854249954224e-02
7.247997075319290161e-02
6.291597336530685425e-02
9.430942684412002563e-02
1.040018051862716675e-01
1.002875939011573792e-01
7.410079985857009888e-02
8.815793693065643311e-02
9.553169459104537964e-02
7.827381789684295654e-02
6.769873201847076416e-02
8.823417872190475464e-02
1.001387387514114380e-01
9.844744950532913208e-02
7.666277140378952026e-02
9.417256712913513184e-02
9.169756621122360229e-02
7.549962401390075684e-02
6.845407932996749878e-02
8.531343191862106323e-02
9.401044994592666626e-02
9.115774929523468018e-02
7.318814843893051147e-02
8.654745668172836304e-02
1.021585687994956970e-01
7.241586595773696899e-02
6.078280508518218994e-02
9.592050313949584961e-02
1.095642521977424622e-01
1.091601848602294922e-01
8.473021537065505981e-02
9.811829775571823120e-02
1.122724786400794983e-01
8.506458997726440430e-02
7.612072676420211792e-02
1.338866651058197021e-01
1.520518511533737183e-01
1.471299827098846436e-01
1.174487322568893433e-01
1.352980285882949829e-01
1.412755399942398071e-01
1.208224892616271973e-01
1.048150211572647095e-01
1.095842868089675903e-01
1.218108534812927246e-01
1.189166381955146790e-01
9.519155323505401611e-02
1.087464019656181335e-01
1.155164837837219238e-01
9.911221265792846680e-02
8.282840996980667114e-02
7.777521759271621704e-02
8.518531173467636108e-02
8.475632220506668091e-02
6.522229313850402832e-02
7.801652699708938599e-02
8.506356179714202881e-02
6.498755514621734619e-02
5.989399179816246033e-02
9.709548950195312500e-02
1.053212061524391174e-01
9.982243925333023071e-02
7.864584773778915405e-02
9.345235675573348999e-02
9.990984946489334106e-02
7.930477708578109741e-02
7.046970725059509277e-02
1.062810644507408142e-01
1.126647517085075378e-01
1.093568801879882812e-01
8.266737312078475952e-02
9.290193021297454834e-02
1.190453022718429565e-01
9.967987984418869019e-02
1.125792637467384338e-01
1.223317459225654602e-01
1.098400801420211792e-01
9.756149351596832275e-02
7.983558624982833862e-02
8.941644430160522461e-02
9.290570765733718872e-02
7.737425714731216431e-02
7.528785616159439087e-02
9.690765291452407837e-02
1.145265325903892517e-01
9.625543653964996338e-02
7.656153291463851929e-02
7.965233922004699707e-02
8.886864036321640015e-02
7.347016036510467529e-02
6.662924587726593018e-02
1.047868803143501282e-01
1.112236827611923218e-01
9.750858694314956665e-02
8.086699992418289185e-02
9.051443636417388916e-02
1.167770624160766602e-01
8.999235183000564575e-02
1.124341487884521484e-01
9.946484118700027466e-02
1.000825092196464539e-01
9.530311822891235352e-02
7.779057323932647705e-02
9.365683794021606445e-02
1.061314269900321960e-01
8.323537558317184448e-02
8.065218478441238403e-02
1.176149621605873108e-01
1.384034752845764160e-01
1.294418424367904663e-01
1.022286042571067810e-01
1.194236129522323608e-01
1.236831471323966980e-01
1.095371171832084656e-01
9.144343435764312744e-02
1.104757264256477356e-01
1.167728677392005920e-01
1.071546748280525208e-01
8.862609416246414185e-02
1.004874408245086670e-01
1.082972288131713867e-01
1.008900180459022522e-01
8.159806579351425171e-02
1.016983762383460999e-01
1.043882593512535095e-01
9.086699038743972778e-02
7.309754937887191772e-02
8.114928752183914185e-02
8.655308932065963745e-02
7.940986752510070801e-02
6.184284761548042297e-02
1.029108688235282898e-01
9.751585125923156738e-02
8.756109327077865601e-02
7.056612521409988403e-02
8.338487148284912109e-02
9.380844235420227051e-02
8.343301713466644287e-02
6.862491369247436523e-02
1.065529659390449524e-01
1.049345359206199646e-01
9.730608016252517700e-02
8.063701540231704712e-02
9.058011323213577271e-02
9.722062945365905762e-02
9.267291426658630371e-02
7.824043929576873779e-02
1.108856126666069031e-01
1.239743828773498535e-01
1.122771650552749634e-01
9.051237255334854126e-02
1.034376770257949829e-01
1.098730191588401794e-01
1.013083681464195251e-01
9.938092529773712158e-02
1.166841611266136169e-01
1.255048662424087524e-01
1.110037490725517273e-01
8.811398595571517944e-02
9.098690748214721680e-02
1.021691709756851196e-01
1.014747023582458496e-01
8.054297417402267456e-02
1.139136850833892822e-01
1.275565624237060547e-01
1.177520677447319031e-01
9.033953398466110229e-02
1.112229824066162109e-01
1.193377375602722168e-01
9.580816328525543213e-02
1.128071770071983337e-01
1.099413931369781494e-01
1.294438987970352173e-01
1.162342876195907593e-01
8.905841410160064697e-02
1.027949079871177673e-01
1.098749712109565735e-01
9.808801859617233276e-02
8.399134874343872070e-02
1.082839295268058777e-01
1.014956533908843994e-01
9.466695040464401245e-02
7.783961296081542969e-02
9.731999039649963379e-02
1.030305549502372742e-01
8.844362944364547729e-02
8.424481749534606934e-02
1.153460144996643066e-01
1.158249601721763611e-01
1.069116219878196716e-01
8.328629285097122192e-02
9.907120466232299805e-02
1.089244335889816284e-01
9.013019502162933350e-02
8.873745799064636230e-02
1.255381554365158081e-01
1.468401700258255005e-01
1.516591906547546387e-01
1.157996132969856262e-01
1.285392493009567261e-01
1.276984661817550659e-01
1.170763820409774780e-01
9.475918114185333252e-02
1.250180751085281372e-01
1.393278688192367554e-01
1.378839612007141113e-01
1.085248962044715881e-01
1.237694248557090759e-01
1.183946132659912109e-01
1.088963747024536133e-01
8.311619609594345093e-02
1.171781420707702637e-01
1.236867308616638184e-01
1.178354397416114807e-01
9.461698681116104126e-02
1.137408465147018433e-01
1.113208234310150146e-01
9.874066710472106934e-02
8.253619819879531860e-02
9.056466817855834961e-02
1.058842241764068604e-01
1.010261997580528259e-01
7.915043830871582031e-02
9.585000574588775635e-02
9.842882305383682251e-02
8.397095650434494019e-02
7.330004125833511353e-02
1.152201816439628601e-01
1.266018301248550415e-01
1.163612306118011475e-01
9.647607803344726562e-02
1.018588542938232422e-01
1.150231137871742249e-01
9.629768878221511841e-02
9.915398806333541870e-02
1.115321815013885498e-01
1.188604012131690979e-01
1.142417043447494507e-01
9.333536028861999512e-02
1.065111234784126282e-01
1.061147376894950867e-01
9.449599683284759521e-02
8.142939209938049316e-02
1.036148667335510254e-01
1.205305755138397217e-01
1.166027560830116272e-01
8.834473788738250732e-02
1.025242507457733154e-01
9.747099131345748901e-02
8.512033522129058838e-02
7.834354043006896973e-02
1.079440116882324219e-01
1.101514101028442383e-01
1.011199727654457092e-01
8.521915972232818604e-02
9.212245792150497437e-02
1.025953516364097595e-01
9.767743945121765137e-02
1.029783114790916443e-01
9.576602280139923096e-02
9.946720302104949951e-02
9.514776617288589478e-02
7.499431818723678589e-02
8.593249320983886719e-02
9.725134074687957764e-02
8.014327287673950195e-02
7.041233032941818237e-02
9.954909980297088623e-02
1.084036603569984436e-01
9.479685127735137939e-02
7.835074514150619507e-02
8.873437345027923584e-02
1.003888249397277832e-01
8.841337263584136963e-02
1.061782389879226685e-01
8.999472856521606445e-02
9.614862501621246338e-02
9.218465536832809448e-02
7.448387145996093750e-02
9.104198962450027466e-02
9.021349251270294189e-02
7.409658282995223999e-02
7.892127335071563721e-02
9.497485309839248657e-02
9.382533282041549683e-02
8.584582805633544922e-02
6.899698078632354736e-02
8.433765172958374023e-02
9.268020838499069214e-02
8.008826524019241333e-02
6.496416032314300537e-02
9.368439763784408569e-02
9.391442686319351196e-02
8.627008646726608276e-02
7.037814706563949585e-02
8.446622639894485474e-02
9.135404229164123535e-02
7.214567065238952637e-02
6.289023905992507935e-02
1.236654967069625854e-01
1.301846206188201904e-01
1.227627247571945190e-01
1.002504900097846985e-01
1.193393543362617493e-01
1.207779049873352051e-01
9.865126758813858032e-02
8.966589719057083130e-02
1.283771842718124390e-01
1.476906239986419678e-01
1.372205615043640137e-01
1.052306815981864929e-01
1.302870362997055054e-01
1.392086744308471680e-01
1.086032241582870483e-01
9.217176586389541626e-02
1.062633097171783447e-01
1.131636351346969604e-01
1.083671376109123230e-01
8.666214346885681152e-02
9.971580654382705688e-02
1.055852696299552917e-01
9.836562722921371460e-02
7.888036221265792847e-02
9.595447033643722534e-02
1.049634218215942383e-01
9.513819217681884766e-02
7.430423796176910400e-02
8.516857773065567017e-02
9.545155614614486694e-02
8.277442306280136108e-02
6.942541152238845825e-02
9.440995007753372192e-02
9.655363112688064575e-02
9.510359168052673340e-02
7.011959701776504517e-02
8.698961883783340454e-02
9.466685354709625244e-02
7.915911078453063965e-02
6.388805061578750610e-02
1.138182505965232849e-01
1.139702349901199341e-01
1.045294106006622314e-01
8.856454491615295410e-02
9.443499892950057983e-02
1.077356413006782532e-01
9.604465961456298828e-02
8.027781546115875244e-02
1.116399541497230530e-01
1.241890490055084229e-01
1.197162345051765442e-01
9.549879282712936401e-02
1.102991998195648193e-01
1.206366643309593201e-01
1.053085923194885254e-01
8.803602308034896851e-02
1.091304048895835876e-01
1.253711730241775513e-01
1.209390312433242798e-01
9.531291574239730835e-02
1.060363352298736572e-01
1.134072914719581604e-01
1.005757898092269897e-01
8.368459343910217285e-02
1.794176399707794189e-01
2.128804624080657959e-01
2.087543457746505737e-01
1.686702370643615723e-01
1.914884001016616821e-01
2.017405927181243896e-01
1.709629148244857788e-01
1.466854512691497803e-01
1.062504723668098450e-01
1.128132641315460205e-01
1.080335080623626709e-01
8.760706335306167603e-02
9.488251060247421265e-02
1.128211468458175659e-01
9.226492792367935181e-02
7.482437044382095337e-02
1.201919317245483398e-01
1.382060647010803223e-01
1.327306330204010010e-01
1.047992929816246033e-01
1.280962675809860229e-01
1.357196271419525146e-01
1.130545139312744141e-01
9.312729537487030029e-02
9.829898178577423096e-02
1.020943596959114075e-01
9.836191684007644653e-02
7.613375782966613770e-02
9.009383618831634521e-02
9.853790700435638428e-02
8.540033549070358276e-02
7.060880213975906372e-02
9.592022746801376343e-02
8.822706341743469238e-02
8.763720840215682983e-02
7.026324421167373657e-02
8.178919553756713867e-02
8.484622091054916382e-02
7.859990745782852173e-02
6.287025660276412964e-02
1.230333223938941956e-01
1.328653097152709961e-01
1.270827502012252808e-01
1.027747392654418945e-01
1.126232296228408813e-01
1.222587600350379944e-01
1.038711518049240112e-01
9.001707285642623901e-02
1.103893667459487915e-01
1.125474199652671814e-01
1.084429845213890076e-01
8.924564719200134277e-02
9.874082356691360474e-02
1.098983660340309143e-01
8.899866044521331787e-02
8.001218736171722412e-02
1.123940497636795044e-01
1.126466467976570129e-01
1.076451241970062256e-01
8.914838731288909912e-02
1.001290977001190186e-01
1.049284264445304871e-01
9.531612694263458252e-02
8.231818675994873047e-02
1.343801319599151611e-01
1.383715122938156128e-01
1.267149448394775391e-01
1.085663810372352600e-01
1.201344504952430725e-01
1.369282752275466919e-01
1.181830465793609619e-01
1.211068108677864075e-01
1.120191812515258789e-01
1.237351000308990479e-01
1.156797483563423157e-01
9.231173247098922729e-02
1.051538288593292236e-01
1.129781678318977356e-01
1.014584898948669434e-01
8.275587111711502075e-02
9.625258296728134155e-02
1.031616404652595520e-01
9.299258142709732056e-02
7.106796652078628540e-02
8.254151791334152222e-02
8.996196091175079346e-02
7.346821576356887817e-02
6.393038481473922729e-02
8.689748495817184448e-02
9.145740419626235962e-02
8.712694793939590454e-02
6.674237549304962158e-02
7.816939055919647217e-02
8.561967313289642334e-02
7.317299395799636841e-02
6.148924678564071655e-02
1.411897689104080200e-01
1.559389829635620117e-01
1.455596089363098145e-01
1.209768950939178467e-01
1.222916468977928162e-01
1.338702291250228882e-01
1.268692165613174438e-01
1.040840446949005127e-01
9.295290708541870117e-02
1.056922972202301025e-01
9.701242297887802124e-02
7.931289821863174438e-02
9.312241524457931519e-02
1.065822839736938477e-01
8.810734748840332031e-02
8.447375893592834473e-02
8.028014004230499268e-02
8.211595565080642700e-02
8.520736545324325562e-02
6.699049472808837891e-02
8.048665523529052734e-02
1.002271920442581177e-01
8.031226694583892822e-02
6.546217203140258789e-02
1.423958092927932739e-01
1.468355804681777954e-01
1.391671448945999146e-01
1.379605233669281006e-01
1.243060007691383362e-01
1.307000368833541870e-01
1.277933567762374878e-01
9.751375764608383179e-02
9.124922752380371094e-02
1.059533506631851196e-01
1.012641042470932007e-01
8.146505802869796753e-02
1.028412431478500366e-01
1.001083999872207642e-01
8.004409074783325195e-02
6.787479668855667114e-02
1.015438288450241089e-01
1.054978966712951660e-01
1.019216626882553101e-01
8.844295889139175415e-02
1.012707129120826721e-01
1.195785701274871826e-01
7.948873192071914673e-02
6.799650192260742188e-02
9.478186070919036865e-02
1.151088699698448181e-01
1.091024056077003479e-01
8.700874447822570801e-02
9.975998103618621826e-02
1.139015927910804749e-01
9.882865846157073975e-02
7.808168232440948486e-02
9.997838735580444336e-02
1.122649088501930237e-01
1.068091094493865967e-01
8.862506598234176636e-02
1.041628941893577576e-01
1.154472008347511292e-01
8.718482404947280884e-02
7.315408438444137573e-02
8.676980435848236084e-02
9.611093997955322266e-02
9.222750365734100342e-02
7.786690443754196167e-02
9.034660458564758301e-02
9.999083727598190308e-02
7.262475788593292236e-02
6.123477593064308167e-02
1.120761781930923462e-01
1.098703891038894653e-01
9.970925748348236084e-02
1.008819639682769775e-01
1.151780635118484497e-01
1.266413182020187378e-01
9.312237054109573364e-02
7.272785156965255737e-02
1.133089289069175720e-01
1.333807557821273804e-01
1.311006247997283936e-01
1.051640585064888000e-01
1.127409264445304871e-01
1.256690770387649536e-01
1.154406070709228516e-01
9.534645080566406250e-02
1.073276251554489136e-01
1.099664941430091858e-01
1.086093857884407043e-01
9.261377900838851929e-02
1.067908331751823425e-01
1.096957996487617493e-01
9.724649041891098022e-02
7.878051698207855225e-02
1.080097854137420654e-01
1.181388422846794128e-01
1.175996586680412292e-01
9.527442604303359985e-02
1.063707694411277771e-01
1.241908594965934753e-01
9.430269151926040649e-02
7.879091799259185791e-02
1.124931424856185913e-01
1.241798847913742065e-01
1.114973425865173340e-01
9.686630964279174805e-02
1.212802454829216003e-01
1.096080541610717773e-01
8.262383192777633667e-02
7.481221854686737061e-02
1.130679473280906677e-01
1.216700673103332520e-01
1.143439412117004395e-01
9.683398902416229248e-02
1.033512204885482788e-01
1.212714910507202148e-01
9.963272511959075928e-02
9.680891036987304688e-02
1.207180619239807129e-01
1.390382349491119385e-01
1.381265223026275635e-01
1.094367057085037231e-01
1.319397687911987305e-01
1.371488422155380249e-01
1.175509095191955566e-01
1.042646244168281555e-01
