1.215853989124298096e-01
1.222920715808868408e-01
1.165250018239021301e-01
8.797089755535125732e-02
8.532596379518508911e-02
1.118414103984832764e-01
8.042263984680175781e-02
6.341125071048736572e-02
1.656488031148910522e-01
1.676963567733764648e-01
1.647292673587799072e-01
1.301223933696746826e-01
1.285032331943511963e-01
1.635056585073471069e-01
1.142787411808967590e-01
1.018719375133514404e-01
1.168084442615509033e-01
1.148947104811668396e-01
1.042343080043792725e-01
8.721999078989028931e-02
9.388922899961471558e-02
1.052735745906829834e-01
7.696131616830825806e-02
6.861595809459686279e-02
1.174376383423805237e-01
1.088530346751213074e-01
1.020014509558677673e-01
8.391790091991424561e-02
9.897266328334808350e-02
1.129676401615142822e-01
7.585846632719039917e-02
6.506751477718353271e-02
1.100685149431228638e-01
1.154411956667900085e-01
1.112181469798088074e-01
9.272713959217071533e-02
1.138376742601394653e-01
1.322227269411087036e-01
8.766626566648483276e-02
6.981427967548370361e-02
1.137064173817634583e-01
1.196417957544326782e-01
1.312997341156005859e-01
1.050388813018798828e-01
1.186308041214942932e-01
1.338195204734802246e-01
9.097559750080108643e-02
6.860259920358657837e-02
1.116573810577392578e-01
1.071770638227462769e-01
1.012528836727142334e-01
7.752467691898345947e-02
9.109164029359817505e-02
9.594156593084335327e-02
9.079025685787200928e-02
6.732878088951110840e-02
1.031908988952636719e-01
9.977252036333084106e-02
9.824399650096893311e-02
8.150348812341690063e-02
8.689821511507034302e-02
9.906572103500366211e-02
7.278168201446533203e-02
5.815190821886062622e-02
1.067608371376991272e-01
1.081651002168655396e-01
1.100406795740127563e-01
8.596827089786529541e-02
9.346918761730194092e-02
1.041314825415611267e-01
7.675708830356597900e-02
6.315696239471435547e-02
1.097047105431556702e-01
1.076124757528305054e-01
1.101703047752380371e-01
8.784800767898559570e-02
9.546612203121185303e-02
9.972659498453140259e-02
7.158517092466354370e-02
6.016559898853302002e-02
1.084133014082908630e-01
1.119489297270774841e-01
1.100608259439468384e-01
9.131925553083419800e-02
9.780069440603256226e-02
1.027557328343391418e-01
7.559318095445632935e-02
6.389039009809494019e-02
1.275455355644226074e-01
1.296066045761108398e-01
1.298502981662750244e-01
1.066448166966438293e-01
1.229352205991744995e-01
1.287894845008850098e-01
9.854608774185180664e-02
8.715188503265380859e-02
1.178924217820167542e-01
1.145219653844833374e-01
1.183660626411437988e-01
9.523430466651916504e-02
1.059415042400360107e-01
1.263229399919509888e-01
8.984132856130599976e-02
7.043905556201934814e-02
1.063333377242088318e-01
1.048367768526077271e-01
1.013857871294021606e-01
8.132688701152801514e-02
9.090884029865264893e-02
1.235712096095085144e-01
7.089623808860778809e-02
5.926311388611793518e-02
1.347596496343612671e-01
1.347742676734924316e-01
1.326757669448852539e-01
9.851043671369552612e-02
1.057666912674903870e-01
1.118227392435073853e-01
8.663902431726455688e-02
6.601629406213760376e-02
1.136316955089569092e-01
1.094100996851921082e-01
1.078585535287857056e-01
8.763711899518966675e-02
9.920290112495422363e-02
1.065144017338752747e-01
8.890464156866073608e-02
6.605678796768188477e-02
1.091784611344337463e-01
9.778624773025512695e-02
9.600307792425155640e-02
7.654371112585067749e-02
8.472140878438949585e-02
8.787410706281661987e-02
6.720666587352752686e-02
5.630411952733993530e-02
1.370093077421188354e-01
1.250634193420410156e-01
1.234734132885932922e-01
9.610426425933837891e-02
1.014012023806571960e-01
1.342634707689285278e-01
9.331412613391876221e-02
7.158077508211135864e-02
1.105105578899383545e-01
1.042827591300010681e-01
9.903679043054580688e-02
7.955536246299743652e-02
8.646255731582641602e-02
8.856407552957534790e-02
6.848075985908508301e-02
5.418362841010093689e-02
1.205134168267250061e-01
1.136156544089317322e-01
1.064274162054061890e-01
8.388724923133850098e-02
9.569767862558364868e-02
9.418632090091705322e-02
6.698457151651382446e-02
5.921093747019767761e-02
1.169994994997978210e-01
1.091569140553474426e-01
1.066614463925361633e-01
8.927303552627563477e-02
9.832611680030822754e-02
1.114267408847808838e-01
8.589831739664077759e-02
6.604602932929992676e-02
1.209788396954536438e-01
1.182226017117500305e-01
1.117323115468025208e-01
1.143590062856674194e-01
9.135239571332931519e-02
1.533087641000747681e-01
8.737881481647491455e-02
7.757657766342163086e-02
1.320365965366363525e-01
1.074450612068176270e-01
9.682784229516983032e-02
8.028928935527801514e-02
8.393888920545578003e-02
1.037007048726081848e-01
7.427781075239181519e-02
5.853536725044250488e-02
1.198515146970748901e-01
1.089914441108703613e-01
1.100226715207099915e-01
8.632096648216247559e-02
9.172339737415313721e-02
1.166569292545318604e-01
7.560403645038604736e-02
6.585053354501724243e-02
1.202419847249984741e-01
1.164100915193557739e-01
1.110852658748626709e-01
8.964529633522033691e-02
1.055128201842308044e-01
1.082469001412391663e-01
7.983066141605377197e-02
6.295967102050781250e-02
1.401512622833251953e-01
1.341775059700012207e-01
1.309066116809844971e-01
1.063853949308395386e-01
1.133334860205650330e-01
1.150992363691329956e-01
8.208083361387252808e-02
6.547200679779052734e-02
1.183045729994773865e-01
1.139157786965370178e-01
1.160956993699073792e-01
9.526099264621734619e-02
1.084285229444503784e-01
1.207897067070007324e-01
8.095248788595199585e-02
6.654191017150878906e-02
1.062905862927436829e-01
1.001917123794555664e-01
9.326752275228500366e-02
7.778854668140411377e-02
8.144518733024597168e-02
9.140596538782119751e-02
6.762872636318206787e-02
5.841527134180068970e-02
1.142217591404914856e-01
1.005134657025337219e-01
1.072504743933677673e-01
8.890915662050247192e-02
9.918496012687683105e-02
1.069953143596649170e-01
7.522807270288467407e-02
6.160252168774604797e-02
1.114255189895629883e-01
1.070616170763969421e-01
1.002627462148666382e-01
8.192124962806701660e-02
8.678291738033294678e-02
8.955369144678115845e-02
6.340630352497100830e-02
5.193977802991867065e-02
1.160573288798332214e-01
1.132065057754516602e-01
1.108034104108810425e-01
8.852028101682662964e-02
1.002178788185119629e-01
1.167861372232437134e-01
8.982615917921066284e-02
6.512790918350219727e-02
1.192565634846687317e-01
1.192837655544281006e-01
1.169635802507400513e-01
9.425318986177444458e-02
1.004541292786598206e-01
1.192778423428535461e-01
8.522643893957138062e-02
7.208754122257232666e-02
1.278720200061798096e-01
1.253042072057723999e-01
1.171490326523780823e-01
9.136757254600524902e-02
9.492923319339752197e-02
1.149571016430854797e-01
8.635982125997543335e-02
6.919906288385391235e-02
1.219565644860267639e-01
1.179095581173896790e-01
1.162481456995010376e-01
9.402067959308624268e-02
1.033216342329978943e-01
1.282510310411453247e-01
9.058231860399246216e-02
7.409322261810302734e-02
1.110899671912193298e-01
1.110019683837890625e-01
1.065873354673385620e-01
8.657039701938629150e-02
9.326032549142837524e-02
1.006811335682868958e-01
8.405899256467819214e-02
6.948317587375640869e-02
1.378087401390075684e-01
1.293779909610748291e-01
1.190026476979255676e-01
9.133073687553405762e-02
9.343615919351577759e-02
1.096206754446029663e-01
9.584429860115051270e-02
6.157397106289863586e-02
1.090685054659843445e-01
1.052923277020454407e-01
1.010140478610992432e-01
8.211541175842285156e-02
8.931626379489898682e-02
1.139767989516258240e-01
7.538878917694091797e-02
6.039056181907653809e-02
1.194336935877799988e-01
1.157219484448432922e-01
1.140935197472572327e-01
9.253609180450439453e-02
1.023293584585189819e-01
1.171215623617172241e-01
8.121762424707412720e-02
6.843137741088867188e-02
1.271459609270095825e-01
1.212019473314285278e-01
1.169723421335220337e-01
9.497659653425216675e-02
1.028993502259254456e-01
1.132891476154327393e-01
8.735352009534835815e-02
6.559972465038299561e-02
1.181998774409294128e-01
1.115276515483856201e-01
1.067114844918251038e-01
8.373752981424331665e-02
8.375077694654464722e-02
9.888537228107452393e-02
7.134847342967987061e-02
5.988671258091926575e-02
1.049533709883689880e-01
9.726849943399429321e-02
9.612249583005905151e-02
8.094466477632522583e-02
9.532086551189422607e-02
1.125997975468635559e-01
6.614222377538681030e-02
6.219688802957534790e-02
1.236893907189369202e-01
1.114601492881774902e-01
1.060888171195983887e-01
8.387696743011474609e-02
9.012976288795471191e-02
9.741429239511489868e-02
7.500177621841430664e-02
5.954391881823539734e-02
9.244787693023681641e-02
9.012635797262191772e-02
8.976270258426666260e-02
7.471414655447006226e-02
8.750639855861663818e-02
1.122132912278175354e-01
7.002778351306915283e-02
6.216279417276382446e-02
1.133786365389823914e-01
1.036320403218269348e-01
9.859649837017059326e-02
8.086572587490081787e-02
7.991080731153488159e-02
9.202145785093307495e-02
6.807654350996017456e-02
5.155686661601066589e-02
1.167201921343803406e-01
1.120811849832534790e-01
1.024837195873260498e-01
8.562685549259185791e-02
8.228584378957748413e-02
9.860338270664215088e-02
8.031818270683288574e-02
6.025897711515426636e-02
1.481031924486160278e-01
1.393099129199981689e-01
1.315820366144180298e-01
1.052237227559089661e-01
1.141586750745773315e-01
1.320814043283462524e-01
1.003979817032814026e-01
7.250599563121795654e-02
1.020326241850852966e-01
9.902600944042205811e-02
9.793560951948165894e-02
8.272930979728698730e-02
8.417329192161560059e-02
8.874329924583435059e-02
7.264063507318496704e-02
5.896385759115219116e-02
9.216126054525375366e-02
8.320367336273193359e-02
8.136569708585739136e-02
6.838704645633697510e-02
7.899820059537887573e-02
7.403362542390823364e-02
5.866096541285514832e-02
5.327407643198966980e-02
1.024146378040313721e-01
9.962484985589981079e-02
9.694097936153411865e-02
8.014005422592163086e-02
8.264103531837463379e-02
9.299176186323165894e-02
7.100938260555267334e-02
6.040340289473533630e-02
1.238976642489433289e-01
1.146399527788162231e-01
1.100944504141807556e-01
9.117516875267028809e-02
1.099938452243804932e-01
1.159329488873481750e-01
7.466538250446319580e-02
6.505819410085678101e-02
1.452423632144927979e-01
1.363399773836135864e-01
1.291228681802749634e-01
1.077454388141632080e-01
1.067008897662162781e-01
1.160400137305259705e-01
9.509383141994476318e-02
7.659335434436798096e-02
1.364624947309494019e-01
1.191649734973907471e-01
1.096457093954086304e-01
8.258623629808425903e-02
9.032712131738662720e-02
9.691004455089569092e-02
8.377040922641754150e-02
6.704589724540710449e-02
1.527877897024154663e-01
1.544835120439529419e-01
1.521182954311370850e-01
1.220704168081283569e-01
1.437259018421173096e-01
1.458617299795150757e-01
1.226349771022796631e-01
9.480305761098861694e-02
1.518230438232421875e-01
1.319945454597473145e-01
1.264453977346420288e-01
1.101447269320487976e-01
1.269488483667373657e-01
1.240541040897369385e-01
8.856586366891860962e-02
7.018888741731643677e-02
1.217948943376541138e-01
1.125143393874168396e-01
9.900229424238204956e-02
8.744287490844726562e-02
8.515422791242599487e-02
9.752435237169265747e-02
7.770094275474548340e-02
6.077652052044868469e-02
1.426710337400436401e-01
1.306721866130828857e-01
1.162067800760269165e-01
9.207971394062042236e-02
8.947515487670898438e-02
9.825630486011505127e-02
6.935162097215652466e-02
5.654609575867652893e-02
9.826078265905380249e-02
9.385325759649276733e-02
9.582336992025375366e-02
8.220739662647247314e-02
8.460258692502975464e-02
9.994451701641082764e-02
7.150623947381973267e-02
6.021584570407867432e-02
1.322684884071350098e-01
1.164964064955711365e-01
1.132511496543884277e-01
9.088114649057388306e-02
1.092911884188652039e-01
1.191507056355476379e-01
9.415484219789505005e-02
7.109542936086654663e-02
1.377170830965042114e-01
1.259476244449615479e-01
1.293101906776428223e-01
9.619448333978652954e-02
1.017795652151107788e-01
1.027668714523315430e-01
7.595186680555343628e-02
6.240790337324142456e-02
1.323488801717758179e-01
1.250254213809967041e-01
1.207048073410987854e-01
9.643950313329696655e-02
1.037246957421302795e-01
1.156216710805892944e-01
9.304643422365188599e-02
6.849364191293716431e-02
1.311118155717849731e-01
1.266223490238189697e-01
1.204391717910766602e-01
9.683157503604888916e-02
1.100167185068130493e-01
1.252213865518569946e-01
8.887952566146850586e-02
6.828448176383972168e-02
1.391929239034652710e-01
1.200191155076026917e-01
1.178919449448585510e-01
9.372703731060028076e-02
9.731205552816390991e-02
1.094640865921974182e-01
8.682426065206527710e-02
6.610968708992004395e-02
1.576802134513854980e-01
1.132434383034706116e-01
9.790617972612380981e-02
7.622858881950378418e-02
8.969251811504364014e-02
8.478763699531555176e-02
6.804228574037551880e-02
6.072204932570457458e-02
1.417217254638671875e-01
1.207558959722518921e-01
1.152647659182548523e-01
9.524545073509216309e-02
9.851494431495666504e-02
1.089723631739616394e-01
7.924267649650573730e-02
7.255078852176666260e-02
1.375211924314498901e-01
1.214161217212677002e-01
1.140137463808059692e-01
8.757110685110092163e-02
1.003440991044044495e-01
1.285694688558578491e-01
8.430950343608856201e-02
7.247599959373474121e-02
1.518736034631729126e-01
1.229488104581832886e-01
1.064418256282806396e-01
8.055979013442993164e-02
9.542372077703475952e-02
1.182984337210655212e-01
8.604974299669265747e-02
6.387185305356979370e-02
1.580519825220108032e-01
1.280264258384704590e-01
1.130519360303878784e-01
8.883856981992721558e-02
9.477486461400985718e-02
1.135140880942344666e-01
8.272404223680496216e-02
6.557421386241912842e-02
1.452532857656478882e-01
1.154217422008514404e-01
1.037078797817230225e-01
9.474055469036102295e-02
8.263672888278961182e-02
1.315602213144302368e-01
8.279293775558471680e-02
6.996711343526840210e-02
1.260430812835693359e-01
1.015802398324012756e-01
8.172351121902465820e-02
8.325195312500000000e-02
9.565215557813644409e-02
8.325146138668060303e-02
6.731751561164855957e-02
6.107041239738464355e-02
1.283095479011535645e-01
1.042215600609779358e-01
9.015525132417678833e-02
8.989609032869338989e-02
1.064746230840682983e-01
9.529398381710052490e-02
6.492024660110473633e-02
5.873622000217437744e-02
1.491137892007827759e-01
1.211727112531661987e-01
1.027363538742065430e-01
8.465739339590072632e-02
8.808403462171554565e-02
9.331180900335311890e-02
7.615028321743011475e-02
6.266894936561584473e-02
1.237650662660598755e-01
9.935319423675537109e-02
8.493340760469436646e-02
7.728786766529083252e-02
8.566638082265853882e-02
9.191346168518066406e-02
6.815139949321746826e-02
7.052455842494964600e-02
1.291620135307312012e-01
9.351568669080734253e-02
8.630111068487167358e-02
8.216093480587005615e-02
1.019974127411842346e-01
8.974873274564743042e-02
6.843020766973495483e-02
6.522376835346221924e-02
1.286149919033050537e-01
1.131594255566596985e-01
1.065437793731689453e-01
9.106226265430450439e-02
1.065538898110389709e-01
1.123876050114631653e-01
8.491752296686172485e-02
6.438803672790527344e-02
1.561734676361083984e-01
1.290296763181686401e-01
1.144368276000022888e-01
9.353429079055786133e-02
1.019292324781417847e-01
1.066863760352134705e-01
9.122791141271591187e-02
7.003633677959442139e-02
1.339557468891143799e-01
1.105884164571762085e-01
9.646806120872497559e-02
9.474395215511322021e-02
1.094885319471359253e-01
1.003873646259307861e-01
7.031170278787612915e-02
6.215694174170494080e-02
1.386738568544387817e-01
1.145731881260871887e-01
9.978660941123962402e-02
9.462737292051315308e-02
1.099881902337074280e-01
9.776481986045837402e-02
8.014168590307235718e-02
6.999877095222473145e-02
1.467742472887039185e-01
1.118514388799667358e-01
9.186595678329467773e-02
8.511300384998321533e-02
1.018374785780906677e-01
1.279691606760025024e-01
6.246005371212959290e-02
5.886013060808181763e-02
1.511774808168411255e-01
1.340270638465881348e-01
1.161446198821067810e-01
8.726777136325836182e-02
9.541986137628555298e-02
1.215562596917152405e-01
9.360160678625106812e-02
7.304182648658752441e-02
1.427927464246749878e-01
1.048872768878936768e-01
8.966187387704849243e-02
7.051696628332138062e-02
7.622940838336944580e-02
9.068842232227325439e-02
6.847984343767166138e-02
6.110413372516632080e-02
