6.644625961780548096e-02
7.511251419782638550e-02
9.861142188310623169e-02
1.122363433241844177e-01
9.447510540485382080e-02
8.190567046403884888e-02
8.190881460905075073e-02
1.224145069718360901e-01
1.628957837820053101e-01
1.923131942749023438e-01
1.554070264101028442e-01
1.240248456597328186e-01
7.285033911466598511e-02
9.206544607877731323e-02
1.190588325262069702e-01
1.497688442468643188e-01
1.215544790029525757e-01
9.239856153726577759e-02
7.198578119277954102e-02
8.955240994691848755e-02
1.218988671898841858e-01
1.553352624177932739e-01
1.209061369299888611e-01
9.445535391569137573e-02
7.583598792552947998e-02
1.013860180974006653e-01
1.166590377688407898e-01
1.510255336761474609e-01
1.273487210273742676e-01
1.028684750199317932e-01
7.649850845336914062e-02
9.705569595098495483e-02
1.139987930655479431e-01
1.311418563127517700e-01
1.145303249359130859e-01
9.624767303466796875e-02
7.901965826749801636e-02
8.369950205087661743e-02
1.120959073305130005e-01
1.284793168306350708e-01
1.090530678629875183e-01
9.562694281339645386e-02
6.286406517028808594e-02
7.441033422946929932e-02
9.092351794242858887e-02
1.083832159638404846e-01
9.682815521955490112e-02
7.777085900306701660e-02
6.733234971761703491e-02
8.214278519153594971e-02
1.063145101070404053e-01
1.272010207176208496e-01
1.010973677039146423e-01
8.935668319463729858e-02
6.909491121768951416e-02
7.961218804121017456e-02
1.080725491046905518e-01
1.179352253675460815e-01
1.017334237694740295e-01
8.665327727794647217e-02
7.227293401956558228e-02
8.555795252323150635e-02
1.119103878736495972e-01
1.200226545333862305e-01
9.965150803327560425e-02
9.137571603059768677e-02
9.899386763572692871e-02
1.112862378358840942e-01
1.409773677587509155e-01
1.537169367074966431e-01
1.331011205911636353e-01
1.249724701046943665e-01
7.496046274900436401e-02
8.084638416767120361e-02
1.157398149371147156e-01
1.265746653079986572e-01
1.041946262121200562e-01
9.364715963602066040e-02
6.561123579740524292e-02
8.001998066902160645e-02
9.496647119522094727e-02
1.338351368904113770e-01
1.057265177369117737e-01
8.158742636442184448e-02
6.989114731550216675e-02
9.479813277721405029e-02
1.235072314739227295e-01
1.581972837448120117e-01
1.257630437612533569e-01
1.018538177013397217e-01
6.947366148233413696e-02
1.016159132122993469e-01
1.269128620624542236e-01
1.769754737615585327e-01
1.445938795804977417e-01
1.089099571108818054e-01
5.702136084437370300e-02
8.771404623985290527e-02
1.050401106476783752e-01
1.357198953628540039e-01
1.108064427971839905e-01
8.423950523138046265e-02
6.946856528520584106e-02
8.202794939279556274e-02
1.138135343790054321e-01
1.294318437576293945e-01
1.021048203110694885e-01
8.866216987371444702e-02
6.269580870866775513e-02
7.018384337425231934e-02
8.920858800411224365e-02
1.019900962710380554e-01
8.621049672365188599e-02
7.961233705282211304e-02
6.777402758598327637e-02
8.235770463943481445e-02
1.119493171572685242e-01
1.273593157529830933e-01
1.056582406163215637e-01
9.790945053100585938e-02
7.090913504362106323e-02
8.317515999078750610e-02
1.165086925029754639e-01
1.319574713706970215e-01
1.049861833453178406e-01
9.012417495250701904e-02
6.672342866659164429e-02
8.235131204128265381e-02
1.156209334731101990e-01
1.336034536361694336e-01
1.088651716709136963e-01
9.364069253206253052e-02
8.352478593587875366e-02
8.187720924615859985e-02
1.219648569822311401e-01
1.394885778427124023e-01
1.043929979205131531e-01
1.076014190912246704e-01
6.651385873556137085e-02
8.112809062004089355e-02
1.022810339927673340e-01
1.374916434288024902e-01
1.098328754305839539e-01
8.760192990303039551e-02
8.284536749124526978e-02
9.133005887269973755e-02
1.217868849635124207e-01
1.471873074769973755e-01
1.138448864221572876e-01
1.015476509928703308e-01
7.631357014179229736e-02
8.740673959255218506e-02
1.114145070314407349e-01
1.410443186759948730e-01
1.170518174767494202e-01
9.841457754373550415e-02
7.093346118927001953e-02
8.808460831642150879e-02
1.284671723842620850e-01
1.664875000715255737e-01
1.256109476089477539e-01
1.015741676092147827e-01
6.640186905860900879e-02
7.534639537334442139e-02
9.281232208013534546e-02
1.280094385147094727e-01
9.902616590261459351e-02
8.660748600959777832e-02
6.940791755914688110e-02
8.206143975257873535e-02
1.023453846573829651e-01
1.359313875436782837e-01
1.077990233898162842e-01
9.048942476511001587e-02
5.798770114779472351e-02
7.412447035312652588e-02
1.029140874743461609e-01
1.726731956005096436e-01
1.423264592885971069e-01
9.428999572992324829e-02
6.910619139671325684e-02
7.768013328313827515e-02
1.043054684996604919e-01
1.359345763921737671e-01
1.057999134063720703e-01
9.087502956390380859e-02
7.584362477064132690e-02
8.655053377151489258e-02
1.093025207519531250e-01
1.571266502141952515e-01
1.176830604672431946e-01
1.066715791821479797e-01
7.597935944795608521e-02
8.908150345087051392e-02
1.149491295218467712e-01
1.421630382537841797e-01
1.148747876286506653e-01
1.019049063324928284e-01
7.341584563255310059e-02
9.873459488153457642e-02
1.268876492977142334e-01
1.498429030179977417e-01
1.184852272272109985e-01
1.007471382617950439e-01
7.663282752037048340e-02
8.398994058370590210e-02
1.050874516367912292e-01
1.267511099576950073e-01
1.014194935560226440e-01
9.727980941534042358e-02
7.619543373584747314e-02
8.573407679796218872e-02
1.084653809666633606e-01
1.378075033426284790e-01
1.202234998345375061e-01
9.741580486297607422e-02
6.935875117778778076e-02
8.096294850111007690e-02
1.051125898957252502e-01
1.351907998323440552e-01
1.091383770108222961e-01
9.253381937742233276e-02
7.328283041715621948e-02
9.280434995889663696e-02
1.191775873303413391e-01
1.397551894187927246e-01
1.132899522781372070e-01
9.814999252557754517e-02
7.042406499385833740e-02
8.802624046802520752e-02
1.020456850528717041e-01
1.405840516090393066e-01
1.063627973198890686e-01
8.972433954477310181e-02
6.245982646942138672e-02
6.816225498914718628e-02
9.695708751678466797e-02
1.052409484982490540e-01
8.522692322731018066e-02
7.915075868368148804e-02
7.150995731353759766e-02
8.916126936674118042e-02
1.106536462903022766e-01
1.412795186042785645e-01
1.132189333438873291e-01
8.809093385934829712e-02
6.610970199108123779e-02
7.120489329099655151e-02
9.746398031711578369e-02
1.069726794958114624e-01
9.453800320625305176e-02
8.661772310733795166e-02
6.417990475893020630e-02
9.111800789833068848e-02
1.205054894089698792e-01
1.685108840465545654e-01
1.362304240465164185e-01
8.837382495403289795e-02
5.940724909305572510e-02
7.330711185932159424e-02
9.350693970918655396e-02
1.042141616344451904e-01
9.013065695762634277e-02
8.168787509202957153e-02
6.701320409774780273e-02
7.218223065137863159e-02
8.898084610700607300e-02
1.003682464361190796e-01
8.538477122783660889e-02
7.815629243850708008e-02
8.192405849695205688e-02
8.109936118125915527e-02
1.216503605246543884e-01
1.278640925884246826e-01
9.626170992851257324e-02
9.263420850038528442e-02
6.118219718337059021e-02
9.511859714984893799e-02
1.212322860956192017e-01
1.928038895130157471e-01
1.421301662921905518e-01
1.029782220721244812e-01
6.225133314728736877e-02
7.813913375139236450e-02
1.065332293510437012e-01
1.477230787277221680e-01
1.142513602972030640e-01
8.877000212669372559e-02
6.361649185419082642e-02
9.556300938129425049e-02
1.195716261863708496e-01
1.541708409786224365e-01
1.174871325492858887e-01
8.951368182897567749e-02
7.735579460859298706e-02
1.019045412540435791e-01
1.281505525112152100e-01
1.625964641571044922e-01
1.371844112873077393e-01
1.147609502077102661e-01
8.143610507249832153e-02
8.727555721998214722e-02
1.340630650520324707e-01
1.431157290935516357e-01
1.164280772209167480e-01
1.035076975822448730e-01
6.967563927173614502e-02
8.268585801124572754e-02
1.002096980810165405e-01
1.144522950053215027e-01
1.049204021692276001e-01
9.619522094726562500e-02
1.302253156900405884e-01
1.181771978735923767e-01
1.515004932880401611e-01
1.682481318712234497e-01
1.420253515243530273e-01
1.489357799291610718e-01
7.766570150852203369e-02
9.996356815099716187e-02
1.354149132966995239e-01
1.646485477685928345e-01
1.326754540205001831e-01
1.069245040416717529e-01
6.113297492265701294e-02
7.725092023611068726e-02
1.010705456137657166e-01
1.428783535957336426e-01
1.115837246179580688e-01
8.829379081726074219e-02
6.272488832473754883e-02
9.731488674879074097e-02
1.255303323268890381e-01
1.685083955526351929e-01
1.395303010940551758e-01
1.080122068524360657e-01
6.377425044775009155e-02
8.637231588363647461e-02
1.114103645086288452e-01
1.536233127117156982e-01
1.267925351858139038e-01
9.299418330192565918e-02
8.423566073179244995e-02
8.959993720054626465e-02
1.266253441572189331e-01
1.420649737119674683e-01
1.232434809207916260e-01
1.025311723351478577e-01
8.286137133836746216e-02
9.547987580299377441e-02
1.203963905572891235e-01
1.313003599643707275e-01
1.079569905996322632e-01
9.090952575206756592e-02
7.812371104955673218e-02
9.861466288566589355e-02
1.336591541767120361e-01
1.525065153837203979e-01
1.392807960510253906e-01
1.139227002859115601e-01
7.649955153465270996e-02
9.648032486438751221e-02
1.333755552768707275e-01
1.433822214603424072e-01
1.233085542917251587e-01
1.024934500455856323e-01
7.593704015016555786e-02
8.686550706624984741e-02
1.123662218451499939e-01
1.252069920301437378e-01
1.091094985604286194e-01
9.950552135705947876e-02
6.756016612052917480e-02
8.031860738992691040e-02
1.148371249437332153e-01
1.343676894903182983e-01
1.101337820291519165e-01
8.595863729715347290e-02
7.824105769395828247e-02
8.730240911245346069e-02
1.167565062642097473e-01
1.255382597446441650e-01
1.085929572582244873e-01
9.512536227703094482e-02
7.879894971847534180e-02
8.046216517686843872e-02
1.051499545574188232e-01
1.230955868959426880e-01
1.049467176198959351e-01
9.965988248586654663e-02
7.711180299520492554e-02
7.774742692708969116e-02
1.078288629651069641e-01
1.191364526748657227e-01
9.710376709699630737e-02
9.517579525709152222e-02
7.560642808675765991e-02
9.895800054073333740e-02
1.285104602575302124e-01
1.680750697851181030e-01
1.406061947345733643e-01
1.059966757893562317e-01
6.881197541952133179e-02
8.096597343683242798e-02
1.015968993306159973e-01
1.229904294013977051e-01
1.059285774827003479e-01
9.712464362382888794e-02
6.435265392065048218e-02
7.327307015657424927e-02
9.246256947517395020e-02
9.647879004478454590e-02
8.266279846429824829e-02
7.552286982536315918e-02
7.076087594032287598e-02
7.531390339136123657e-02
9.779888391494750977e-02
9.716754406690597534e-02
8.542159199714660645e-02
8.173219114542007446e-02
7.425047457218170166e-02
7.881569117307662964e-02
1.075470671057701111e-01
1.125442162156105042e-01
9.068280458450317383e-02
9.003663063049316406e-02
7.446548342704772949e-02
8.254880458116531372e-02
9.664654731750488281e-02
1.089822500944137573e-01
8.794999867677688599e-02
8.546665310859680176e-02
6.464713811874389648e-02
8.484590798616409302e-02
1.100119352340698242e-01
9.712667018175125122e-02
8.808507025241851807e-02
8.157499879598617554e-02
7.423018664121627808e-02
8.417111635208129883e-02
1.198259741067886353e-01
1.173172071576118469e-01
9.716475754976272583e-02
9.068641066551208496e-02
7.371049374341964722e-02
7.766448706388473511e-02
1.043707355856895447e-01
1.069395691156387329e-01
9.227417409420013428e-02
9.112858772277832031e-02
7.267513126134872437e-02
7.939760386943817139e-02
1.020127981901168823e-01
1.148670762777328491e-01
9.761155396699905396e-02
8.961418271064758301e-02
8.763129264116287231e-02
9.426014125347137451e-02
1.244309917092323303e-01
1.318900883197784424e-01
1.099283397197723389e-01
9.744776785373687744e-02
6.914351880550384521e-02
7.431145012378692627e-02
9.851182252168655396e-02
1.189775392413139343e-01
1.017460227012634277e-01
9.309338033199310303e-02
7.595927268266677856e-02
8.260326832532882690e-02
1.068525388836860657e-01
1.225605234503746033e-01
9.977059066295623779e-02
1.005753427743911743e-01
6.298942118883132935e-02
7.463342696428298950e-02
9.302045404911041260e-02
1.153420433402061462e-01
1.002318188548088074e-01
8.190077543258666992e-02
