5.542369186878204346e-02
6.220665946602821350e-02
7.607509195804595947e-02
7.297608256340026855e-02
8.206999301910400391e-02
8.533608168363571167e-02
1.077245473861694336e-01
1.517933011054992676e-01
1.916411221027374268e-01
2.197211086750030518e-01
1.334177702665328979e-01
1.529254615306854248e-01
1.037324517965316772e-01
6.462513655424118042e-02
6.583575904369354248e-02
6.590851396322250366e-02
7.550891488790512085e-02
7.405727356672286987e-02
8.301885426044464111e-02
9.114156663417816162e-02
1.061718314886093140e-01
1.087942272424697876e-01
1.250873357057571411e-01
1.228144317865371704e-01
1.416859179735183716e-01
1.662341356277465820e-01
1.817427724599838257e-01
1.651738733053207397e-01
1.331696957349777222e-01
1.281726211309432983e-01
9.444689750671386719e-02
9.849396347999572754e-02
8.628755807876586914e-02
7.029452919960021973e-02
8.234819769859313965e-02
9.013213217258453369e-02
6.477564573287963867e-02
6.657239794731140137e-02
7.659290730953216553e-02
7.236482203006744385e-02
8.152177184820175171e-02
7.612761855125427246e-02
9.138528257608413696e-02
1.153505221009254456e-01
1.296085417270660400e-01
1.203861758112907410e-01
8.607922494411468506e-02
8.544795215129852295e-02
6.725417077541351318e-02
6.417950987815856934e-02
6.441690772771835327e-02
6.236229836940765381e-02
6.750982999801635742e-02
6.974323838949203491e-02
5.415767803788185120e-02
6.452532112598419189e-02
7.810983806848526001e-02
7.399630546569824219e-02
9.465836733579635620e-02
1.123255938291549683e-01
1.743418276309967041e-01
1.465271860361099243e-01
1.537003219127655029e-01
1.552502065896987915e-01
1.062186136841773987e-01
1.071575284004211426e-01
7.771997898817062378e-02
7.211572676897048950e-02
6.947610527276992798e-02
5.632517114281654358e-02
6.397813558578491211e-02
6.875905394554138184e-02
6.280751526355743408e-02
6.694623827934265137e-02
1.398464590311050415e-01
7.355956733226776123e-02
8.800949156284332275e-02
8.969964832067489624e-02
1.185614168643951416e-01
1.256537288427352905e-01
1.268604546785354614e-01
1.309023350477218628e-01
8.963730931282043457e-02
9.260810911655426025e-02
6.903856247663497925e-02
6.335430592298507690e-02
5.793661251664161682e-02
5.121712014079093933e-02
6.116364896297454834e-02
7.353242486715316772e-02
6.237559765577316284e-02
6.891637295484542847e-02
1.468128859996795654e-01
7.748716324567794800e-02
9.386016428470611572e-02
8.838090300559997559e-02
1.173619329929351807e-01
1.416061222553253174e-01
1.447053849697113037e-01
1.416085064411163330e-01
9.755800664424896240e-02
9.437151998281478882e-02
6.830136477947235107e-02
6.400066614151000977e-02
6.390232592821121216e-02
6.880404055118560791e-02
6.245713680982589722e-02
7.107473909854888916e-02
7.183752954006195068e-02
6.297942996025085449e-02
1.237098425626754761e-01
6.462817639112472534e-02
8.471170812845230103e-02
7.625216245651245117e-02
9.379085153341293335e-02
1.177670434117317200e-01
1.319823861122131348e-01
1.322006732225418091e-01
9.738501906394958496e-02
9.646022319793701172e-02
7.786329835653305054e-02
6.709595769643783569e-02
6.175193190574645996e-02
7.036665827035903931e-02
6.254469603300094604e-02
7.645607739686965942e-02
6.278996914625167847e-02
6.632670760154724121e-02
1.244762837886810303e-01
6.520763784646987915e-02
8.060169965028762817e-02
8.119306713342666626e-02
9.993884712457656860e-02
1.182374432682991028e-01
1.266189515590667725e-01
1.196316257119178772e-01
8.899781107902526855e-02
8.894036710262298584e-02
6.915824115276336670e-02
6.294957548379898071e-02
6.024508178234100342e-02
5.702411010861396790e-02
6.347096711397171021e-02
6.609810143709182739e-02
5.711483210325241089e-02
6.429715454578399658e-02
1.252282112836837769e-01
6.996360421180725098e-02
8.116856962442398071e-02
7.523680478334426880e-02
8.952195942401885986e-02
1.117548644542694092e-01
1.252564489841461182e-01
1.207754835486412048e-01
8.415719866752624512e-02
8.515527844429016113e-02
6.633497774600982666e-02
6.279609352350234985e-02
6.085890159010887146e-02
5.114034563302993774e-02
5.455501750111579895e-02
6.159865856170654297e-02
5.053883418440818787e-02
6.276959180831909180e-02
7.916035503149032593e-02
6.420509517192840576e-02
7.305999845266342163e-02
7.075226306915283203e-02
8.196141570806503296e-02
1.048390641808509827e-01
1.214731559157371521e-01
1.162144988775253296e-01
8.045305311679840088e-02
7.681041955947875977e-02
6.166784837841987610e-02
5.749032646417617798e-02
5.893158167600631714e-02
5.812741816043853760e-02
6.159913912415504456e-02
6.345235556364059448e-02
5.666759982705116272e-02
6.764630228281021118e-02
9.053071588277816772e-02
8.087375760078430176e-02
9.036704897880554199e-02
8.637753874063491821e-02
1.052639856934547424e-01
1.245171502232551575e-01
1.308579444885253906e-01
1.314156800508499146e-01
9.401278942823410034e-02
9.151177853345870972e-02
6.937010586261749268e-02
6.986740231513977051e-02
6.605172157287597656e-02
6.297574192285537720e-02
6.650350242853164673e-02
6.686171144247055054e-02
6.493438035249710083e-02
8.126182854175567627e-02
9.910331666469573975e-02
9.978146106004714966e-02
1.219140887260437012e-01
1.237631663680076599e-01
1.464649140834808350e-01
1.734103262424468994e-01
1.769233644008636475e-01
1.784001439809799194e-01
1.420727819204330444e-01
1.336418092250823975e-01
1.015424355864524841e-01
9.700564295053482056e-02
8.452530950307846069e-02
6.672946363687515259e-02
6.255375593900680542e-02
5.867166817188262939e-02
5.855142697691917419e-02
7.944630831480026245e-02
1.384157091379165649e-01
8.665371686220169067e-02
1.012846231460571289e-01
1.005180627107620239e-01
1.242990717291831970e-01
1.509342193603515625e-01
1.588908433914184570e-01
1.601651012897491455e-01
1.176219359040260315e-01
1.098718419671058655e-01
8.586106449365615845e-02
7.891150563955307007e-02
6.597536802291870117e-02
7.003411650657653809e-02
6.526761502027511597e-02
6.369836628437042236e-02
5.384706333279609680e-02
5.395597591996192932e-02
7.156866788864135742e-02
5.796140059828758240e-02
7.227334380149841309e-02
7.048414647579193115e-02
8.669222891330718994e-02
1.064629480242729187e-01
1.102675572037696838e-01
1.130915805697441101e-01
8.265040814876556396e-02
8.128241449594497681e-02
6.461180746555328369e-02
5.597138404846191406e-02
5.536149814724922180e-02
4.949341714382171631e-02
5.940567702054977417e-02
6.861577928066253662e-02
6.204503774642944336e-02
6.858039647340774536e-02
9.895294904708862305e-02
6.804162263870239258e-02
8.467589318752288818e-02
8.595290780067443848e-02
1.065993010997772217e-01
1.253639757633209229e-01
1.414055079221725464e-01
1.342426538467407227e-01
9.514316171407699585e-02
9.194574505090713501e-02
7.253433763980865479e-02
6.471615284681320190e-02
6.328137218952178955e-02
5.488586798310279846e-02
6.935548037290573120e-02
8.542840927839279175e-02
5.823878198862075806e-02
6.081391870975494385e-02
1.084883883595466614e-01
6.484477967023849487e-02
7.817098498344421387e-02
7.727579027414321899e-02
9.373449534177780151e-02
1.167717278003692627e-01
1.326412707567214966e-01
1.287367641925811768e-01
8.697398751974105835e-02
8.552385866641998291e-02
6.364300847053527832e-02
5.964484810829162598e-02
5.896436423063278198e-02
5.768717452883720398e-02
5.907871946692466736e-02
6.681797653436660767e-02
5.087419226765632629e-02
5.734056234359741211e-02
1.294191926717758179e-01
8.060914278030395508e-02
9.200005978345870972e-02
8.895073086023330688e-02
1.060692146420478821e-01
1.313692629337310791e-01
1.359999626874923706e-01
1.246195808053016663e-01
9.455703198909759521e-02
9.143009036779403687e-02
7.100835442543029785e-02
7.089141011238098145e-02
6.981641054153442383e-02
6.314190477132797241e-02
6.811303645372390747e-02
7.999341934919357300e-02
6.510422378778457642e-02
6.509838998317718506e-02
8.718548715114593506e-02
7.049156725406646729e-02
8.417085558176040649e-02
8.140689134597778320e-02
9.543581306934356689e-02
1.103356033563613892e-01
1.228372156620025635e-01
1.166357323527336121e-01
8.632855862379074097e-02
8.481323719024658203e-02
6.673413515090942383e-02
6.371388584375381470e-02
6.499601900577545166e-02
5.985172092914581299e-02
7.388877123594284058e-02
7.834606617689132690e-02
4.971800372004508972e-02
6.105751544237136841e-02
1.079585701227188110e-01
7.036603987216949463e-02
8.228527754545211792e-02
8.175332844257354736e-02
9.430842101573944092e-02
1.130402162671089172e-01
1.246794462203979492e-01
1.215296536684036255e-01
8.924411237239837646e-02
8.665771037340164185e-02
6.717605143785476685e-02
6.269021332263946533e-02
6.261034309864044189e-02
5.757955461740493774e-02
5.968797579407691956e-02
5.840158462524414062e-02
5.415285006165504456e-02
6.244891509413719177e-02
7.738557457923889160e-02
6.452228873968124390e-02
8.051870763301849365e-02
7.801969349384307861e-02
9.120243042707443237e-02
1.157137304544448853e-01
1.239131838083267212e-01
1.282932758331298828e-01
8.875676989555358887e-02
8.664423227310180664e-02
6.737899035215377808e-02
6.096392497420310974e-02
6.213003024458885193e-02
6.358291208744049072e-02
6.154294684529304504e-02
6.161228939890861511e-02
5.732148513197898865e-02
7.652557641267776489e-02
1.452933847904205322e-01
9.235544502735137939e-02
1.092991903424263000e-01
1.085994839668273926e-01
1.318275034427642822e-01
1.644210517406463623e-01
1.593631058931350708e-01
1.641138494014739990e-01
1.189278364181518555e-01
1.139585822820663452e-01
8.528725802898406982e-02
7.941120117902755737e-02
7.744245231151580811e-02
6.330035626888275146e-02
7.202556729316711426e-02
7.322224229574203491e-02
5.619873851537704468e-02
6.713695824146270752e-02
8.545143157243728638e-02
7.860712707042694092e-02
9.321156144142150879e-02
9.519182890653610229e-02
1.191486567258834839e-01
1.422849893569946289e-01
1.521695107221603394e-01
1.580769717693328857e-01
1.139936223626136780e-01
1.133113130927085876e-01
8.088800311088562012e-02
7.550639659166336060e-02
7.085683941841125488e-02
5.742447078227996826e-02
6.854714453220367432e-02
6.889617443084716797e-02
5.290494114160537720e-02
6.558991223573684692e-02
1.108896434307098389e-01
6.866829097270965576e-02
8.274018764495849609e-02
8.102844655513763428e-02
9.721868485212326050e-02
1.244609728455543518e-01
1.308718621730804443e-01
1.451239436864852905e-01
9.974471479654312134e-02
1.031822860240936279e-01
8.142371475696563721e-02
5.947095155715942383e-02
6.283143162727355957e-02
5.201970040798187256e-02
6.594941020011901855e-02
7.693975418806076050e-02
5.816560611128807068e-02
6.707763671875000000e-02
9.449480473995208740e-02
6.577466428279876709e-02
8.243180811405181885e-02
8.871790021657943726e-02
1.260951459407806396e-01
1.720848530530929565e-01
1.877469867467880249e-01
1.970042437314987183e-01
1.334009766578674316e-01
1.479054689407348633e-01
1.107011139392852783e-01
6.788535416126251221e-02
6.438160687685012817e-02
5.624429136514663696e-02
6.672707200050354004e-02
6.679265201091766357e-02
6.017191335558891296e-02
6.600032746791839600e-02
1.200966164469718933e-01
7.535728067159652710e-02
9.385781735181808472e-02
8.578523993492126465e-02
1.073612496256828308e-01
1.311946213245391846e-01
1.488389670848846436e-01
1.418504267930984497e-01
1.023250669240951538e-01
9.872564673423767090e-02
7.123835384845733643e-02
6.656083464622497559e-02
6.129930540919303894e-02
5.362645164132118225e-02
6.693715602159500122e-02
7.515743374824523926e-02
5.913052707910537720e-02
6.772921979427337646e-02
1.130431368947029114e-01
8.662160485982894897e-02
9.490034729242324829e-02
9.395310282707214355e-02
1.140438988804817200e-01
1.347944140434265137e-01
1.494947373867034912e-01
1.486463397741317749e-01
1.046416759490966797e-01
9.965174645185470581e-02
7.557391375303268433e-02
7.616740465164184570e-02
6.966589391231536865e-02
6.014158204197883606e-02
6.560507416725158691e-02
7.292003184556961060e-02
5.291211232542991638e-02
7.199969142675399780e-02
1.422752737998962402e-01
8.681228756904602051e-02
9.978038817644119263e-02
9.243780374526977539e-02
1.109916269779205322e-01
1.403208673000335693e-01
1.526868790388107300e-01
1.484715938568115234e-01
1.077767536044120789e-01
1.029028147459030151e-01
7.540932297706604004e-02
7.557396590709686279e-02
6.334964185953140259e-02
5.889460816979408264e-02
7.042373716831207275e-02
7.421754300594329834e-02
5.120899528264999390e-02
5.900070071220397949e-02
7.218138128519058228e-02
6.758925318717956543e-02
8.420854061841964722e-02
8.506347239017486572e-02
1.053917407989501953e-01
1.246703863143920898e-01
1.290607452392578125e-01
1.214598193764686584e-01
9.226767718791961670e-02
8.993910998106002808e-02
6.637082993984222412e-02
6.393272429704666138e-02
6.243501231074333191e-02
5.483889579772949219e-02
6.171345338225364685e-02
6.567713618278503418e-02
5.261497944593429565e-02
6.408876925706863403e-02
1.424546539783477783e-01
8.647368103265762329e-02
9.830524027347564697e-02
9.679505974054336548e-02
1.243516281247138977e-01
1.624120324850082397e-01
1.546565592288970947e-01
1.438063681125640869e-01
1.076825261116027832e-01
1.021457538008689880e-01
7.749333977699279785e-02
7.626844942569732666e-02
6.709099560976028442e-02
5.639005079865455627e-02
6.891002506017684937e-02
7.735915482044219971e-02
5.020359903573989868e-02
5.809623003005981445e-02
7.532457262277603149e-02
6.710831075906753540e-02
7.904058694839477539e-02
7.914569228887557983e-02
9.967494755983352661e-02
1.192400306463241577e-01
1.252467036247253418e-01
1.230434700846672058e-01
8.721642941236495972e-02
7.924506068229675293e-02
6.122145429253578186e-02
5.926518887281417847e-02
5.967680737376213074e-02
5.895242467522621155e-02
6.260152906179428101e-02
6.461672484874725342e-02
5.979415774345397949e-02
7.388313114643096924e-02
1.309728175401687622e-01
7.864014804363250732e-02
9.047719091176986694e-02
8.765137195587158203e-02
1.197798922657966614e-01
1.537964791059494019e-01
1.483580768108367920e-01
1.499806493520736694e-01
1.061810255050659180e-01
1.019056960940361023e-01
7.882306724786758423e-02
6.556066870689392090e-02
6.131173297762870789e-02
5.471725761890411377e-02
6.822845339775085449e-02
8.346835523843765259e-02
6.088210269808769226e-02
6.299319118261337280e-02
1.148639544844627380e-01
8.076221495866775513e-02
1.052140742540359497e-01
9.894460439682006836e-02
1.214239150285720825e-01
1.469420790672302246e-01
1.642242223024368286e-01
1.661873310804367065e-01
1.255969107151031494e-01
1.334548592567443848e-01
1.021330729126930237e-01
8.262269198894500732e-02
6.978505104780197144e-02
6.889364123344421387e-02
6.226183101534843445e-02
6.635569781064987183e-02
6.102715432643890381e-02
6.254823505878448486e-02
1.178307607769966125e-01
8.097104728221893311e-02
9.911844879388809204e-02
9.841175377368927002e-02
1.301503330469131470e-01
1.540996432304382324e-01
1.724916696548461914e-01
1.834909021854400635e-01
1.319144666194915771e-01
1.278867721557617188e-01
8.940432220697402954e-02
7.461962848901748657e-02
7.332380861043930054e-02
7.526671886444091797e-02
7.159200310707092285e-02
7.158220559358596802e-02
6.220053881406784058e-02
6.896644830703735352e-02
8.155725151300430298e-02
7.838658988475799561e-02
9.811315685510635376e-02
1.007658839225769043e-01
1.231025308370590210e-01
1.495919823646545410e-01
1.656156331300735474e-01
1.633464097976684570e-01
1.247688308358192444e-01
1.133312657475471497e-01
8.481332659721374512e-02
7.223297655582427979e-02
6.676708906888961792e-02
6.213256344199180603e-02
6.309799104928970337e-02
6.985631585121154785e-02
6.591095030307769775e-02
7.218010723590850830e-02
1.026055291295051575e-01
7.366376370191574097e-02
8.785553276538848877e-02
8.529248833656311035e-02
1.048885583877563477e-01
1.266056001186370850e-01
1.364140659570693970e-01
1.374560743570327759e-01
1.009787991642951965e-01
9.745931625366210938e-02
7.503960281610488892e-02
6.719079613685607910e-02
6.648598611354827881e-02
6.090457737445831299e-02
6.393750756978988647e-02
6.739786267280578613e-02
6.661147624254226685e-02
6.669559329748153687e-02
8.105531334877014160e-02
7.758865505456924438e-02
9.169638156890869141e-02
9.246914088726043701e-02
1.102770864963531494e-01
1.373244524002075195e-01
1.490480005741119385e-01
1.486844122409820557e-01
1.082602888345718384e-01
1.055162176489830017e-01
7.726208120584487915e-02
7.221019268035888672e-02
6.705985218286514282e-02
5.850751325488090515e-02
6.579180061817169189e-02
6.920541822910308838e-02
6.514645367860794067e-02
6.585453450679779053e-02
1.162418052554130554e-01
7.277878373861312866e-02
8.366510272026062012e-02
8.310347795486450195e-02
9.884432703256607056e-02
1.296896338462829590e-01
1.414271742105484009e-01
1.406029313802719116e-01
9.881626814603805542e-02
9.751191735267639160e-02
7.878401130437850952e-02
6.518471986055374146e-02
6.982748210430145264e-02
5.939618498086929321e-02
6.458264589309692383e-02
7.227890938520431519e-02
6.588844209909439087e-02
6.627690047025680542e-02
1.382150352001190186e-01
7.635850459337234497e-02
1.014413163065910339e-01
1.034643352031707764e-01
1.248757392168045044e-01
1.557047218084335327e-01
1.697518676519393921e-01
1.745070517063140869e-01
1.272072494029998779e-01
1.230007484555244446e-01
9.068422764539718628e-02
7.496398687362670898e-02
6.622970104217529297e-02
7.578573375940322876e-02
6.571853905916213989e-02
7.468601316213607788e-02
5.896204710006713867e-02
6.741330772638320923e-02
1.293732672929763794e-01
7.924061268568038940e-02
9.578704088926315308e-02
9.508939087390899658e-02
1.167934536933898926e-01
1.443006843328475952e-01
1.524780541658401489e-01
1.517067849636077881e-01
1.106251329183578491e-01
1.008814647793769836e-01
7.773932069540023804e-02
6.893319636583328247e-02
6.830520182847976685e-02
6.414343416690826416e-02
7.901491969823837280e-02
9.582266956567764282e-02
5.734479427337646484e-02
6.449650973081588745e-02
8.051253110170364380e-02
7.478649169206619263e-02
9.215702116489410400e-02
8.826022595167160034e-02
1.017786860466003418e-01
1.230670884251594543e-01
1.325467824935913086e-01
1.213805526494979858e-01
9.200526773929595947e-02
9.112436324357986450e-02
7.332170009613037109e-02
6.944003701210021973e-02
6.608951091766357422e-02
6.295406818389892578e-02
7.195722311735153198e-02
7.661998271942138672e-02
5.495518445968627930e-02
6.669194251298904419e-02
7.145314663648605347e-02
6.327588111162185669e-02
7.400891184806823730e-02
7.666630297899246216e-02
9.433049708604812622e-02
1.128690093755722046e-01
1.203281581401824951e-01
1.238526925444602966e-01
8.665154129266738892e-02
8.764785528182983398e-02
6.933654844760894775e-02
5.684022605419158936e-02
6.201742962002754211e-02
5.816029384732246399e-02
6.725621968507766724e-02
6.973692029714584351e-02
5.346803739666938782e-02
5.609108135104179382e-02
6.459214538335800171e-02
6.112401559948921204e-02
7.595819979906082153e-02
7.323433458805084229e-02
9.012887626886367798e-02
1.178302168846130371e-01
1.214339509606361389e-01
1.230833232402801514e-01
8.623669296503067017e-02
8.034991472959518433e-02
6.118102744221687317e-02
5.666324123740196228e-02
5.363836511969566345e-02
4.979109019041061401e-02
6.156299635767936707e-02
6.289043277502059937e-02
5.190860107541084290e-02
5.887391418218612671e-02
6.839954107999801636e-02
6.288114190101623535e-02
7.764847576618194580e-02
7.700099050998687744e-02
9.756115823984146118e-02
1.247562766075134277e-01
1.270439326763153076e-01
1.191505119204521179e-01
8.764261752367019653e-02
8.152717351913452148e-02
6.332926452159881592e-02
5.745276808738708496e-02
5.432626977562904358e-02
5.171480774879455566e-02
6.035149097442626953e-02
6.239314749836921692e-02
5.077267438173294067e-02
6.196159124374389648e-02
7.471588253974914551e-02
6.259433925151824951e-02
7.492832094430923462e-02
6.826686859130859375e-02
8.627696335315704346e-02
1.075313240289688110e-01
1.202586740255355835e-01
1.165683493018150330e-01
7.737395912408828735e-02
7.416556030511856079e-02
6.086216866970062256e-02
5.614894628524780273e-02
6.039491668343544006e-02
5.462334677577018738e-02
6.368476897478103638e-02
7.424782216548919678e-02
6.312423944473266602e-02
6.888905167579650879e-02
8.280470967292785645e-02
8.197988569736480713e-02
1.009842529892921448e-01
9.863760322332382202e-02
1.226934641599655151e-01
1.437092572450637817e-01
1.583445668220520020e-01
1.635701358318328857e-01
1.178604811429977417e-01
1.148054152727127075e-01
8.372393250465393066e-02
7.358551025390625000e-02
6.961019337177276611e-02
6.253110617399215698e-02
6.715130060911178589e-02
6.941695511341094971e-02
6.105560064315795898e-02
7.758653163909912109e-02
1.517049521207809448e-01
1.023012697696685791e-01
1.236590519547462463e-01
1.247268095612525940e-01
1.489836275577545166e-01
1.719883829355239868e-01
1.837287843227386475e-01
1.759202033281326294e-01
1.384619325399398804e-01
1.412553340196609497e-01
9.964051097631454468e-02
9.504944086074829102e-02
8.235946297645568848e-02
8.013940602540969849e-02
8.063346147537231445e-02
9.526880830526351929e-02
6.136466935276985168e-02
6.332701444625854492e-02
1.201501116156578064e-01
7.355823367834091187e-02
9.136441349983215332e-02
9.345562011003494263e-02
1.173192933201789856e-01
1.532287448644638062e-01
1.608556807041168213e-01
1.630123555660247803e-01
1.166180297732353210e-01
1.206376403570175171e-01
8.390572667121887207e-02
6.591310352087020874e-02
6.412737816572189331e-02
6.272645294666290283e-02
6.352638453245162964e-02
7.464648038148880005e-02
6.054416671395301819e-02
6.841855496168136597e-02
1.357528865337371826e-01
7.391356676816940308e-02
9.071289747953414917e-02
9.247737377882003784e-02
1.142697930335998535e-01
1.407534033060073853e-01
1.509659290313720703e-01
1.506644636392593384e-01
1.079891398549079895e-01
1.034585162997245789e-01
7.552080601453781128e-02
6.634331494569778442e-02
6.142985448241233826e-02
6.130237877368927002e-02
5.781468003988265991e-02
5.744573101401329041e-02
5.318004265427589417e-02
6.230910122394561768e-02
1.081458181142807007e-01
6.392811983823776245e-02
7.944651693105697632e-02
7.710496336221694946e-02
8.720439672470092773e-02
1.066798791289329529e-01
1.220959648489952087e-01
1.202415674924850464e-01
9.091324359178543091e-02
8.862941712141036987e-02
6.970664113759994507e-02
5.977600440382957458e-02
6.410139799118041992e-02
6.154480949044227600e-02
6.522568315267562866e-02
6.977143138647079468e-02
5.445757508277893066e-02
6.056209653615951538e-02
1.096801310777664185e-01
6.756621599197387695e-02
8.726446330547332764e-02
8.320868015289306641e-02
9.500531107187271118e-02
1.327700912952423096e-01
1.397072970867156982e-01
1.320369541645050049e-01
9.819575399160385132e-02
9.734462946653366089e-02
7.539733499288558960e-02
6.487181782722473145e-02
6.375693529844284058e-02
5.671343952417373657e-02
6.792436540126800537e-02
7.139346748590469360e-02
7.178160548210144043e-02
8.006173372268676758e-02
1.311024278402328491e-01
1.086523085832595825e-01
1.315069347620010376e-01
1.289372444152832031e-01
1.550645381212234497e-01
1.844495832920074463e-01
2.007438838481903076e-01
2.089825123548507690e-01
1.484864801168441772e-01
1.565904170274734497e-01
1.054471954703330994e-01
9.716022759675979614e-02
8.540547639131546021e-02
7.743012160062789917e-02
8.996814489364624023e-02
9.709801524877548218e-02
6.134892255067825317e-02
6.764611601829528809e-02
1.288581192493438721e-01
8.683299273252487183e-02
1.050564572215080261e-01
1.020148023962974548e-01
1.247709020972251892e-01
1.494748294353485107e-01
1.677559465169906616e-01
1.793688237667083740e-01
1.243375837802886963e-01
1.249403133988380432e-01
8.894024044275283813e-02
7.993054389953613281e-02
7.315906882286071777e-02
7.693049311637878418e-02
7.688232511281967163e-02
7.355470210313796997e-02
9.542433917522430420e-02
9.370362758636474609e-02
1.302656382322311401e-01
1.149242371320724487e-01
1.488902866840362549e-01
1.492175310850143433e-01
1.776051521301269531e-01
2.046724557876586914e-01
2.141343951225280762e-01
2.081466466188430786e-01
1.668941676616668701e-01
1.633189469575881958e-01
1.263909488916397095e-01
1.145557984709739685e-01
9.534173458814620972e-02
8.531096577644348145e-02
8.297685533761978149e-02
8.440588414669036865e-02
5.838029459118843079e-02
6.284710764884948730e-02
1.183645129203796387e-01
7.398185133934020996e-02
9.846927970647811890e-02
9.756559133529663086e-02
1.114983931183815002e-01
1.297649443149566650e-01
1.421658992767333984e-01
1.422814875841140747e-01
1.051387935876846313e-01
1.069307997822761536e-01
8.192736655473709106e-02
7.277330756187438965e-02
6.813070923089981079e-02
7.563303411006927490e-02
6.793817132711410522e-02
6.923441588878631592e-02
5.496754497289657593e-02
6.164352968335151672e-02
9.968728572130203247e-02
9.637389332056045532e-02
1.245495006442070007e-01
1.211894005537033081e-01
1.313621252775192261e-01
1.942921727895736694e-01
2.264419347047805786e-01
2.468996942043304443e-01
1.691713482141494751e-01
1.539870947599411011e-01
9.489622712135314941e-02
9.199149906635284424e-02
7.893719524145126343e-02
6.758135557174682617e-02
7.327114790678024292e-02
6.821057945489883423e-02
4.940531402826309204e-02
5.501666292548179626e-02
6.794472038745880127e-02
7.170474529266357422e-02
9.185937792062759399e-02
8.911511301994323730e-02
1.076031923294067383e-01
1.342023462057113647e-01
1.455233097076416016e-01
1.424082815647125244e-01
9.966745972633361816e-02
9.771212935447692871e-02
7.813775539398193359e-02
6.481541693210601807e-02
6.195719540119171143e-02
5.304518342018127441e-02
6.113931909203529358e-02
6.511587649583816528e-02
5.386764928698539734e-02
7.182031124830245972e-02
1.463005691766738892e-01
7.445487380027770996e-02
8.472345024347305298e-02
8.530723303556442261e-02
9.692276269197463989e-02
1.351347118616104126e-01
1.532877087593078613e-01
1.542163044214248657e-01
1.017719283699989319e-01
1.067123264074325562e-01
8.479040116071701050e-02
7.153712213039398193e-02
6.808004528284072876e-02
6.125653907656669617e-02
6.225926429033279419e-02
7.696495950222015381e-02
6.231107562780380249e-02
7.410305738449096680e-02
1.336508691310882568e-01
8.190377801656723022e-02
1.037450581789016724e-01
1.042122691869735718e-01
1.236555576324462891e-01
1.467397958040237427e-01
1.617726832628250122e-01
1.654379963874816895e-01
1.243367493152618408e-01
1.191196739673614502e-01
9.028657525777816772e-02
8.211817592382431030e-02
6.850234419107437134e-02
6.849022954702377319e-02
7.114947587251663208e-02
8.520450443029403687e-02
5.083703249692916870e-02
5.983876436948776245e-02
8.142733573913574219e-02
7.301817089319229126e-02
8.986343443393707275e-02
9.233451634645462036e-02
1.169423833489418030e-01
1.498105227947235107e-01
1.534335017204284668e-01
1.600974500179290771e-01
1.181232258677482605e-01
1.146448999643325806e-01
8.489368855953216553e-02
7.000086456537246704e-02
6.432342529296875000e-02
5.969393253326416016e-02
6.844722479581832886e-02
6.496732681989669800e-02
5.923702940344810486e-02
7.267075777053833008e-02
1.133665069937705994e-01
7.829795032739639282e-02
9.534016996622085571e-02
1.054532453417778015e-01
1.313391029834747314e-01
1.559470444917678833e-01
1.569585353136062622e-01
1.614762693643569946e-01
1.214547306299209595e-01
1.136997491121292114e-01
8.558884263038635254e-02
7.356688380241394043e-02
6.658185273408889771e-02
6.533517688512802124e-02
8.399524539709091187e-02
9.790094941854476929e-02
5.710127949714660645e-02
7.768849283456802368e-02
1.174313500523567200e-01
8.933774381875991821e-02
1.116143092513084412e-01
1.115773692727088928e-01
1.337307244539260864e-01
1.672568023204803467e-01
1.807010024785995483e-01
1.823817640542984009e-01
1.355616748332977295e-01
1.309950351715087891e-01
9.720832854509353638e-02
8.987834304571151733e-02
7.206626981496810913e-02
7.518462091684341431e-02
6.927356123924255371e-02
6.908719986677169800e-02
6.048242375254631042e-02
7.040340453386306763e-02
1.174925267696380615e-01
7.932047545909881592e-02
9.809060394763946533e-02
1.043165698647499084e-01
1.382428854703903198e-01
1.674705147743225098e-01
1.768298298120498657e-01
1.861449480056762695e-01
1.346307098865509033e-01
1.358809918165206909e-01
9.880425035953521729e-02
7.689137011766433716e-02
7.009328156709671021e-02
7.632839679718017578e-02
7.559230923652648926e-02
8.576335757970809937e-02
5.498794093728065491e-02
6.021952256560325623e-02
7.416848838329315186e-02
6.552989780902862549e-02
8.131668716669082642e-02
7.997683435678482056e-02
9.274754673242568970e-02
1.184218004345893860e-01
1.255426853895187378e-01
1.229328811168670654e-01
8.802426606416702271e-02
9.271026402711868286e-02
6.809200346469879150e-02
6.068356707692146301e-02
6.155853718519210815e-02
5.569525435566902161e-02
7.317542284727096558e-02
6.862274557352066040e-02
6.841112673282623291e-02
6.777688115835189819e-02
1.169338375329971313e-01
6.487663090229034424e-02
7.956466823816299438e-02
7.868086546659469604e-02
9.184060990810394287e-02
1.138220205903053284e-01
1.192514374852180481e-01
1.207253411412239075e-01
8.725167065858840942e-02
9.217304736375808716e-02
6.882215291261672974e-02
5.898615717887878418e-02
6.021386384963989258e-02
6.777938455343246460e-02
7.487304508686065674e-02
6.931288540363311768e-02
5.965596809983253479e-02
7.727998495101928711e-02
1.036545857787132263e-01
8.155253529548645020e-02
1.142758950591087341e-01
1.087882518768310547e-01
1.286892890930175781e-01
1.605693548917770386e-01
1.678980588912963867e-01
1.721113324165344238e-01
1.361903846263885498e-01
1.297400593757629395e-01
9.363080561161041260e-02
8.757516741752624512e-02
7.721033692359924316e-02
7.569085061550140381e-02
6.997107714414596558e-02
6.287557631731033325e-02
5.634412169456481934e-02
6.501717120409011841e-02
8.176351338624954224e-02
6.773697584867477417e-02
8.672135323286056519e-02
8.691731095314025879e-02
1.020465567708015442e-01
1.336097866296768188e-01
1.557691395282745361e-01
1.513420194387435913e-01
1.053873002529144287e-01
1.147345304489135742e-01
7.797694951295852661e-02
6.868760287761688232e-02
6.213896721601486206e-02
5.845638737082481384e-02
6.011061742901802063e-02
6.887676566839218140e-02
6.172530725598335266e-02
7.032529264688491821e-02
1.091032773256301880e-01
7.511767745018005371e-02
9.670674055814743042e-02
8.641236275434494019e-02
1.023836061358451843e-01
1.361781060695648193e-01
1.515177041292190552e-01
1.373876035213470459e-01
9.708549827337265015e-02
1.034501269459724426e-01
7.890940457582473755e-02
7.293642312288284302e-02
6.827661395072937012e-02
6.981173157691955566e-02
7.522140443325042725e-02
7.573667913675308228e-02
5.340865999460220337e-02
9.176976978778839111e-02
1.122527346014976501e-01
9.212178736925125122e-02
1.145021319389343262e-01
1.167959794402122498e-01
1.333069205284118652e-01
1.643589735031127930e-01
1.805128008127212524e-01
1.789203882217407227e-01
1.443140506744384766e-01
1.476170867681503296e-01
1.182531788945198059e-01
9.919176995754241943e-02
8.530298620462417603e-02
7.006489485502243042e-02
6.840161234140396118e-02
6.554512679576873779e-02
4.600043967366218567e-02
5.798689275979995728e-02
7.940778136253356934e-02
6.348735839128494263e-02
7.837859541177749634e-02
7.918283343315124512e-02
9.199375659227371216e-02
1.153978854417800903e-01
1.244608387351036072e-01
1.241973862051963806e-01
9.077426046133041382e-02
8.827555179595947266e-02
6.877409666776657104e-02
5.854796618223190308e-02
5.937540158629417419e-02
5.299083888530731201e-02
5.645458027720451355e-02
5.280180647969245911e-02
4.763455316424369812e-02
6.058210134506225586e-02
8.441737294197082520e-02
6.382200121879577637e-02
8.262334764003753662e-02
8.413935452699661255e-02
1.043281704187393188e-01
1.288859695196151733e-01
1.285859197378158569e-01
1.263356655836105347e-01
9.191334992647171021e-02
9.226243197917938232e-02
7.400408387184143066e-02
6.431527435779571533e-02
6.158116832375526428e-02
5.307916551828384399e-02
5.611306056380271912e-02
5.164027586579322815e-02
5.464474856853485107e-02
6.450003385543823242e-02
8.277688175439834595e-02
7.959666848182678223e-02
1.039358973503112793e-01
1.055129840970039368e-01
1.247212365269660950e-01
1.521516591310501099e-01
1.624644249677658081e-01
1.643464714288711548e-01
1.180551126599311829e-01
1.193764060735702515e-01
9.053124487400054932e-02
7.828528434038162231e-02
7.030107080936431885e-02
6.065137311816215515e-02
5.912357568740844727e-02
6.138447299599647522e-02
5.159666016697883606e-02
8.830597251653671265e-02
8.264409750699996948e-02
8.469629287719726562e-02
1.056869924068450928e-01
1.011198386549949646e-01
1.188885048031806946e-01
1.417943388223648071e-01
1.544425785541534424e-01
1.535747796297073364e-01
1.157677695155143738e-01
1.138398945331573486e-01
9.413308650255203247e-02
8.329239487648010254e-02
7.566569745540618896e-02
6.504350155591964722e-02
6.277542561292648315e-02
6.026400253176689148e-02
4.796114936470985413e-02
7.461252063512802124e-02
8.347035199403762817e-02
6.865861266851425171e-02
8.784514665603637695e-02
7.885970175266265869e-02
9.577298164367675781e-02
1.181066632270812988e-01
1.325688511133193970e-01
1.427659690380096436e-01
9.614264965057373047e-02
9.733305126428604126e-02
7.394117861986160278e-02
6.409942358732223511e-02
6.479784101247787476e-02
5.574141070246696472e-02
5.953426659107208252e-02
5.409399420022964478e-02
5.308353155851364136e-02
6.572984904050827026e-02
1.191480606794357300e-01
8.786155283451080322e-02
1.018797829747200012e-01
9.980341047048568726e-02
1.190164163708686829e-01
1.634666472673416138e-01
1.754604578018188477e-01
1.691895425319671631e-01
1.217174008488655090e-01
1.267592012882232666e-01
9.493537247180938721e-02
7.761064916849136353e-02
8.003286272287368774e-02
6.117781996726989746e-02
6.977563351392745972e-02
6.321573257446289062e-02
6.374603509902954102e-02
7.907429337501525879e-02
1.057807356119155884e-01
9.574647992849349976e-02
1.107825860381126404e-01
1.106679886579513550e-01
1.339300423860549927e-01
1.658451855182647705e-01
1.705359518527984619e-01
1.691707968711853027e-01
1.276819705963134766e-01
1.237629503011703491e-01
9.441094845533370972e-02
9.037502110004425049e-02
7.959876209497451782e-02
7.697769254446029663e-02
7.338185608386993408e-02
7.242347300052642822e-02
5.373885110020637512e-02
6.750356405973434448e-02
9.346766769886016846e-02
7.799146324396133423e-02
9.228234738111495972e-02
1.007137820124626160e-01
1.152830719947814941e-01
1.451267004013061523e-01
1.542679518461227417e-01
1.545841097831726074e-01
1.198119148612022400e-01
1.155466586351394653e-01
9.037999063730239868e-02
7.730657607316970825e-02
7.534348219633102417e-02
8.616924285888671875e-02
1.052953824400901794e-01
6.047418341040611267e-02
5.412518605589866638e-02
7.324043661355972290e-02
1.035764366388320923e-01
8.562140911817550659e-02
1.018413528800010681e-01
9.670988470315933228e-02
1.162284836173057556e-01
1.403320282697677612e-01
1.525900363922119141e-01
1.562685519456863403e-01
1.170897558331489563e-01
1.204681396484375000e-01
8.924044668674468994e-02
8.165317028760910034e-02
7.632287591695785522e-02
6.898511946201324463e-02
8.553235232830047607e-02
7.062189280986785889e-02
5.143141746520996094e-02
5.857462435960769653e-02
7.931641489267349243e-02
6.304489821195602417e-02
7.366294413805007935e-02
7.782722264528274536e-02
9.410987049341201782e-02
1.153242066502571106e-01
1.259211599826812744e-01
1.262642145156860352e-01
9.211331605911254883e-02
9.036704152822494507e-02
6.711006164550781250e-02
5.758221447467803955e-02
5.970362946391105652e-02
5.260080099105834961e-02
7.491215318441390991e-02
6.911665201187133789e-02
6.019114702939987183e-02
8.311318606138229370e-02
9.504521638154983521e-02
7.451590150594711304e-02
9.236545860767364502e-02
8.923400938510894775e-02
1.042934134602546692e-01
1.240384653210639954e-01
1.432239264249801636e-01
1.414616554975509644e-01
1.096099168062210083e-01
1.103944331407546997e-01
8.347477018833160400e-02
7.317995280027389526e-02
6.145108118653297424e-02
5.441096052527427673e-02
7.157728075981140137e-02
6.975740194320678711e-02
6.279408186674118042e-02
7.300022989511489868e-02
1.065609753131866455e-01
8.630562573671340942e-02
1.098889335989952087e-01
1.143468022346496582e-01
1.429144889116287231e-01
1.866236478090286255e-01
2.094947993755340576e-01
2.162248790264129639e-01
1.490865498781204224e-01
1.608783304691314697e-01
1.117455065250396729e-01
8.490676432847976685e-02
7.297342270612716675e-02
5.786245688796043396e-02
7.418125867843627930e-02
6.814055144786834717e-02
