6.603169441223144531e-02
6.800761073827743530e-02
6.347568333148956299e-02
8.535767346620559692e-02
7.935094088315963745e-02
7.129192352294921875e-02
8.616968989372253418e-02
7.396513223648071289e-02
8.719997107982635498e-02
8.857049047946929932e-02
8.399264514446258545e-02
8.702035993337631226e-02
8.201645314693450928e-02
9.942985326051712036e-02
5.825186893343925476e-02
6.070861965417861938e-02
6.450300663709640503e-02
7.133207470178604126e-02
7.426058501005172729e-02
7.628485560417175293e-02
9.422224014997482300e-02
6.614010781049728394e-02
6.741036474704742432e-02
7.039532810449600220e-02
8.534040302038192749e-02
8.487979322671890259e-02
8.004716783761978149e-02
1.019704639911651611e-01
6.108869612216949463e-02
5.703986436128616333e-02
6.138448044657707214e-02
6.687902659177780151e-02
7.350035011768341064e-02
6.917880475521087646e-02
8.508450537919998169e-02
6.275121122598648071e-02
6.760352849960327148e-02
7.767879962921142578e-02
7.933262735605239868e-02
8.584975451231002808e-02
7.472310960292816162e-02
9.250555187463760376e-02
6.209426745772361755e-02
6.039281561970710754e-02
6.498556584119796753e-02
7.239232957363128662e-02
6.787940114736557007e-02
7.060741633176803589e-02
8.690884709358215332e-02
5.900872498750686646e-02
6.359586119651794434e-02
6.620138138532638550e-02
6.942442059516906738e-02
7.136517018079757690e-02
6.840643286705017090e-02
8.851528912782669067e-02
6.221100315451622009e-02
6.359998881816864014e-02
6.813204288482666016e-02
6.410469859838485718e-02
7.279191166162490845e-02
8.609468489885330200e-02
8.324412256479263306e-02
5.393972992897033691e-02
5.766053497791290283e-02
6.136244535446166992e-02
6.033095717430114746e-02
6.379369646310806274e-02
6.937111914157867432e-02
7.823194563388824463e-02
6.592479348182678223e-02
6.305097788572311401e-02
6.774753332138061523e-02
6.866506487131118774e-02
7.615654170513153076e-02
7.707010209560394287e-02
8.293545246124267578e-02
7.826230674982070923e-02
9.316512942314147949e-02
9.401519596576690674e-02
8.627552539110183716e-02
9.851191192865371704e-02
7.963246107101440430e-02
1.017796993255615234e-01
6.743842363357543945e-02
7.638965547084808350e-02
7.773787528276443481e-02
7.497198134660720825e-02
8.691343665122985840e-02
7.995194196701049805e-02
9.367377310991287231e-02
5.787647143006324768e-02
5.520729348063468933e-02
6.125013902783393860e-02
6.284252554178237915e-02
6.595707684755325317e-02
6.323849409818649292e-02
7.754927128553390503e-02
6.142808869481086731e-02
6.638899445533752441e-02
6.887538731098175049e-02
6.840428709983825684e-02
7.322232425212860107e-02
7.161111384630203247e-02
8.288780599832534790e-02
5.752648785710334778e-02
5.902053043246269226e-02
6.538996100425720215e-02
7.067346572875976562e-02
7.369869947433471680e-02
7.440458238124847412e-02
9.735013544559478760e-02
6.346040219068527222e-02
6.382566690444946289e-02
6.739194691181182861e-02
7.596132159233093262e-02
7.759828865528106689e-02
6.866636127233505249e-02
9.130591899156570435e-02
6.370680779218673706e-02
6.296605616807937622e-02
6.600643694400787354e-02
7.291584461927413940e-02
8.085449039936065674e-02
8.385558426380157471e-02
9.708154201507568359e-02
6.487536430358886719e-02
6.917502731084823608e-02
7.193770259618759155e-02
7.433983683586120605e-02
7.881502062082290649e-02
8.272635936737060547e-02
1.013247072696685791e-01
6.462690234184265137e-02
6.715546548366546631e-02
7.627800107002258301e-02
7.948650419712066650e-02
8.129304647445678711e-02
1.100327745079994202e-01
1.389725655317306519e-01
6.876432150602340698e-02
8.061296492815017700e-02
8.490218967199325562e-02
9.019546210765838623e-02
9.378058463335037231e-02
1.022299081087112427e-01
1.169513612985610962e-01
5.831369757652282715e-02
7.168926298618316650e-02
8.000963181257247925e-02
8.696065098047256470e-02
9.239611774682998657e-02
9.672312438488006592e-02
1.246409043669700623e-01
6.113218516111373901e-02
6.321544945240020752e-02
7.269390672445297241e-02
7.658887654542922974e-02
8.946917951107025146e-02
9.010067582130432129e-02
1.019506379961967468e-01
6.040272489190101624e-02
6.608117371797561646e-02
7.450832426548004150e-02
8.306032419204711914e-02
8.488631248474121094e-02
9.761473536491394043e-02
1.408295929431915283e-01
5.916455015540122986e-02
6.571715325117111206e-02
7.366531342267990112e-02
6.737128645181655884e-02
7.817365974187850952e-02
8.485136181116104126e-02
1.010449528694152832e-01
6.550385802984237671e-02
7.052280008792877197e-02
7.612208276987075806e-02
8.273735642433166504e-02
9.811573475599288940e-02
9.326506406068801880e-02
1.293134093284606934e-01
6.369218230247497559e-02
6.509304046630859375e-02
6.521935015916824341e-02
6.645266711711883545e-02
7.376824319362640381e-02
7.604604214429855347e-02
8.953281491994857788e-02
6.271558254957199097e-02
6.886436790227890015e-02
7.679011672735214233e-02
7.241547107696533203e-02
8.228798955678939819e-02
7.306691259145736694e-02
1.096126586198806763e-01
6.292947381734848022e-02
6.739060580730438232e-02
6.903065741062164307e-02
7.219786942005157471e-02
7.946541160345077515e-02
8.193375915288925171e-02
1.111199408769607544e-01
5.996592715382575989e-02
6.339380145072937012e-02
6.690227985382080078e-02
6.867632269859313965e-02
7.702846825122833252e-02
7.558711618185043335e-02
9.242505580186843872e-02
5.683024227619171143e-02
6.548365205526351929e-02
6.874264776706695557e-02
7.112117111682891846e-02
7.844886183738708496e-02
8.014874160289764404e-02
1.048078611493110657e-01
6.387737393379211426e-02
7.384140044450759888e-02
7.660900056362152100e-02
7.592847943305969238e-02
8.606314659118652344e-02
8.870108425617218018e-02
1.121439337730407715e-01
7.049961388111114502e-02
7.685787975788116455e-02
8.254678547382354736e-02
8.542994409799575806e-02
9.716025739908218384e-02
8.813877403736114502e-02
1.113503053784370422e-01
6.221861392259597778e-02
6.698000431060791016e-02
7.516065984964370728e-02
7.398746162652969360e-02
8.074419200420379639e-02
7.779303193092346191e-02
9.655386954545974731e-02
6.385514140129089355e-02
7.031204551458358765e-02
7.312098145484924316e-02
7.094694674015045166e-02
7.790242880582809448e-02
7.587852329015731812e-02
1.015291288495063782e-01
6.220348551869392395e-02
6.985483318567276001e-02
6.966816633939743042e-02
6.870111823081970215e-02
7.519332319498062134e-02
7.489051669836044312e-02
8.953412622213363647e-02
5.825930833816528320e-02
6.625843793153762817e-02
7.444803416728973389e-02
7.946088165044784546e-02
8.167733997106552124e-02
7.296419888734817505e-02
9.495015442371368408e-02
6.248960271477699280e-02
6.725594401359558105e-02
7.083142548799514771e-02
7.514102011919021606e-02
8.283400535583496094e-02
7.572745531797409058e-02
9.561306238174438477e-02
6.625895947217941284e-02
7.334065437316894531e-02
7.492045313119888306e-02
7.870437949895858765e-02
8.249293267726898193e-02
7.408437132835388184e-02
9.280826151371002197e-02
6.340251117944717407e-02
6.824615597724914551e-02
7.054384052753448486e-02
7.892321050167083740e-02
8.381390571594238281e-02
7.834688574075698853e-02
9.106652438640594482e-02
6.259775161743164062e-02
6.188178062438964844e-02
6.933502107858657837e-02
7.294459640979766846e-02
6.951796263456344604e-02
7.012160867452621460e-02
8.082549273967742920e-02
5.283097922801971436e-02
5.627640336751937866e-02
6.085960194468498230e-02
7.200860977172851562e-02
7.057904452085494995e-02
6.540906429290771484e-02
7.514686137437820435e-02
5.905585736036300659e-02
6.161005422472953796e-02
6.510026752948760986e-02
7.403963804244995117e-02
7.309295237064361572e-02
6.831099838018417358e-02
8.210147172212600708e-02
5.251974612474441528e-02
5.374068766832351685e-02
6.479013711214065552e-02
6.896324455738067627e-02
7.089713215827941895e-02
6.354396790266036987e-02
7.674582302570343018e-02
7.266357541084289551e-02
8.024025708436965942e-02
8.537136018276214600e-02
8.717229962348937988e-02
9.518246352672576904e-02
8.537795394659042358e-02
1.008079946041107178e-01
6.712988018989562988e-02
8.381041884422302246e-02
8.332467824220657349e-02
8.219642937183380127e-02
1.003533080220222473e-01
8.836492151021957397e-02
1.087864115834236145e-01
5.950371548533439636e-02
6.637550145387649536e-02
7.296783477067947388e-02
8.284880965948104858e-02
8.368805050849914551e-02
7.175928354263305664e-02
9.038342535495758057e-02
5.228299275040626526e-02
5.697895586490631104e-02
6.307236850261688232e-02
6.955536454916000366e-02
7.108986377716064453e-02
6.550448387861251831e-02
8.435247093439102173e-02
5.555814504623413086e-02
6.087692081928253174e-02
5.981550365686416626e-02
6.380040943622589111e-02
6.587333977222442627e-02
6.128319352865219116e-02
7.932138442993164062e-02
6.129235401749610901e-02
6.598469614982604980e-02
6.726820021867752075e-02
7.086864113807678223e-02
7.291372865438461304e-02
7.174078375101089478e-02
9.391224384307861328e-02
7.320983707904815674e-02
8.302263170480728149e-02
7.413105666637420654e-02
8.117664605379104614e-02
9.258330613374710083e-02
8.398699015378952026e-02
1.104406565427780151e-01
6.896812468767166138e-02
7.439085841178894043e-02
7.247252017259597778e-02
8.948311209678649902e-02
8.118316531181335449e-02
9.126637876033782959e-02
1.010674685239791870e-01
1.024989038705825806e-01
1.241741999983787537e-01
1.208125054836273193e-01
1.193187385797500610e-01
1.290726959705352783e-01
1.086482852697372437e-01
1.283329576253890991e-01
6.320236623287200928e-02
6.863000243902206421e-02
6.795762479305267334e-02
7.391226291656494141e-02
7.748235017061233521e-02
6.847266852855682373e-02
9.316607564687728882e-02
7.140894234180450439e-02
7.779689133167266846e-02
7.797329872846603394e-02
7.649651914834976196e-02
7.982095330953598022e-02
7.382334023714065552e-02
9.142132103443145752e-02
5.939731374382972717e-02
6.636598706245422363e-02
6.599824130535125732e-02
7.791992276906967163e-02
8.143765479326248169e-02
7.455895096063613892e-02
9.988497197628021240e-02
5.598971620202064514e-02
5.616017431020736694e-02
5.908886715769767761e-02
7.214754819869995117e-02
7.548615336418151855e-02
6.707820296287536621e-02
7.823173701763153076e-02
6.480424106121063232e-02
7.537496834993362427e-02
7.786647230386734009e-02
8.236582577228546143e-02
8.137317001819610596e-02
6.970821321010589600e-02
9.335067868232727051e-02
6.206925585865974426e-02
6.994444131851196289e-02
6.975661218166351318e-02
7.469782233238220215e-02
7.980684190988540649e-02
7.114906609058380127e-02
9.429381042718887329e-02
6.776439398527145386e-02
7.506557554006576538e-02
7.731106132268905640e-02
8.401785045862197876e-02
8.401256799697875977e-02
7.560794800519943237e-02
9.382618218660354614e-02
6.152271106839179993e-02
7.461409270763397217e-02
7.633125036954879761e-02
8.179139345884323120e-02
7.935380190610885620e-02
6.540732085704803467e-02
8.985652029514312744e-02
6.521519273519515991e-02
7.386698573827743530e-02
7.463304698467254639e-02
8.291819691658020020e-02
8.408501744270324707e-02
7.919716089963912964e-02
1.065175160765647888e-01
6.006772816181182861e-02
5.931149795651435852e-02
6.367360055446624756e-02
6.682819128036499023e-02
7.200957834720611572e-02
7.380751520395278931e-02
8.339859545230865479e-02
5.903391540050506592e-02
5.814266949892044067e-02
6.055732443928718567e-02
7.202196866273880005e-02
7.485579699277877808e-02
7.102674245834350586e-02
9.299509972333908081e-02
6.941718608140945435e-02
8.340416103601455688e-02
8.454401791095733643e-02
8.414260298013687134e-02
7.861719280481338501e-02
6.730776280164718628e-02
8.807232230901718140e-02
5.329202488064765930e-02
5.718670785427093506e-02
6.207112967967987061e-02
6.789094954729080200e-02
7.157257199287414551e-02
6.796045601367950439e-02
8.385358750820159912e-02
5.748437345027923584e-02
6.128473579883575439e-02
6.267543882131576538e-02
7.045657187700271606e-02
7.131166756153106689e-02
7.063476741313934326e-02
8.810600638389587402e-02
6.868314743041992188e-02
8.560833334922790527e-02
8.045849204063415527e-02
7.594738900661468506e-02
7.400108873844146729e-02
6.793098151683807373e-02
8.614272624254226685e-02
5.618368834257125854e-02
6.174224987626075745e-02
6.393179297447204590e-02
7.045946270227432251e-02
6.924494355916976929e-02
6.454409658908843994e-02
7.788674533367156982e-02
5.162207037210464478e-02
5.813889950513839722e-02
6.063541024923324585e-02
7.129414379596710205e-02
6.841776520013809204e-02
6.086234375834465027e-02
7.830924540758132935e-02
6.434667855501174927e-02
7.011996209621429443e-02
7.098194956779479980e-02
8.026827871799468994e-02
8.918340504169464111e-02
8.190678805112838745e-02
8.537513762712478638e-02
5.733570083975791931e-02
7.121396064758300781e-02
6.700460612773895264e-02
7.449458539485931396e-02
7.473159581422805786e-02
7.287761569023132324e-02
8.656730502843856812e-02
5.164235457777976990e-02
5.309459939599037170e-02
5.536890402436256409e-02
6.306058168411254883e-02
6.597878038883209229e-02
6.318629533052444458e-02
7.765630632638931274e-02
5.621462687849998474e-02
6.685588508844375610e-02
6.906684488058090210e-02
7.473838329315185547e-02
7.801870256662368774e-02
6.749574840068817139e-02
9.252437204122543335e-02
7.229352742433547974e-02
8.646864444017410278e-02
8.442571759223937988e-02
8.378558605909347534e-02
9.477344155311584473e-02
8.302933722734451294e-02
1.141292005777359009e-01
6.238051876425743103e-02
7.095713168382644653e-02
7.178521901369094849e-02
8.040568232536315918e-02
7.757396250963211060e-02
7.099571824073791504e-02
8.999428898096084595e-02
5.604434013366699219e-02
6.730216741561889648e-02
7.107905298471450806e-02
7.562969624996185303e-02
8.013805001974105835e-02
6.654351204633712769e-02
9.162266552448272705e-02
6.001354008913040161e-02
6.295191496610641479e-02
7.095921039581298828e-02
7.948731631040573120e-02
7.681552320718765259e-02
6.768328696489334106e-02
7.348099350929260254e-02
5.540166422724723816e-02
6.518000364303588867e-02
6.978660076856613159e-02
7.472785562276840210e-02
7.666966319084167480e-02
6.528044492006301880e-02
8.367360383272171021e-02
7.357350736856460571e-02
7.965704798698425293e-02
8.384893834590911865e-02
9.152495115995407104e-02
9.344392269849777222e-02
7.851130515336990356e-02
9.375902265310287476e-02
