6.204177439212799072e-02
8.311101794242858887e-02
1.036236360669136047e-01
1.230609193444252014e-01
1.106335073709487915e-01
8.367821574211120605e-02
6.451862305402755737e-02
5.787285789847373962e-02
8.229769021272659302e-02
1.228292807936668396e-01
1.353874802589416504e-01
1.580038815736770630e-01
1.269151419401168823e-01
1.017418354749679565e-01
7.166406512260437012e-02
7.274442166090011597e-02
5.434770137071609497e-02
7.340154051780700684e-02
8.598729968070983887e-02
9.913296252489089966e-02
9.114250540733337402e-02
7.806396484375000000e-02
5.983501300215721130e-02
5.397647619247436523e-02
6.383673101663589478e-02
7.666008919477462769e-02
9.250260144472122192e-02
1.115958243608474731e-01
1.118468046188354492e-01
8.988428115844726562e-02
7.099846005439758301e-02
5.689361318945884705e-02
5.614264309406280518e-02
7.240869849920272827e-02
8.937781304121017456e-02
1.100163310766220093e-01
1.079316586256027222e-01
7.818844169378280640e-02
5.836272612214088440e-02
5.351799353957176208e-02
6.385935842990875244e-02
7.802521437406539917e-02
8.826316148042678833e-02
1.024342849850654602e-01
1.025617048144340515e-01
8.090122789144515991e-02
6.785823404788970947e-02
5.885177478194236755e-02
5.816132575273513794e-02
7.324235141277313232e-02
8.784447610378265381e-02
1.000336110591888428e-01
1.122149154543876648e-01
8.541858941316604614e-02
6.008930504322052002e-02
5.590421706438064575e-02
5.682243406772613525e-02
7.179224491119384766e-02
8.670268952846527100e-02
9.812463074922561646e-02
1.023871004581451416e-01
8.205462247133255005e-02
6.146292760968208313e-02
5.388219654560089111e-02
5.736336484551429749e-02
7.391954958438873291e-02
8.609648793935775757e-02
1.004258990287780762e-01
1.031749472022056580e-01
8.154652267694473267e-02
6.518267095088958740e-02
5.384325608611106873e-02
5.434733256697654724e-02
6.948491930961608887e-02
8.549156785011291504e-02
1.011358723044395447e-01
9.997860342264175415e-02
7.761672139167785645e-02
6.197948753833770752e-02
5.103866383433341980e-02
6.056469306349754333e-02
8.270736783742904663e-02
9.732877463102340698e-02
1.139150708913803101e-01
1.042350530624389648e-01
8.210279047489166260e-02
6.496204435825347900e-02
5.913140252232551575e-02
1.006415933370590210e-01
1.282757371664047241e-01
1.445599943399429321e-01
1.716637462377548218e-01
1.582440286874771118e-01
1.309112012386322021e-01
1.037312969565391541e-01
9.080298244953155518e-02
7.638175785541534424e-02
9.708641469478607178e-02
1.123855635523796082e-01
1.336172670125961304e-01
1.299484670162200928e-01
1.025391742587089539e-01
8.449893444776535034e-02
6.900311261415481567e-02
5.259518697857856750e-02
6.799635291099548340e-02
8.190708607435226440e-02
9.130404889583587646e-02
1.092422455549240112e-01
7.583450525999069214e-02
5.934176594018936157e-02
5.024294555187225342e-02
6.379128992557525635e-02
7.675440609455108643e-02
9.325197339057922363e-02
1.073170304298400879e-01
1.096997261047363281e-01
9.015402942895889282e-02
7.061714679002761841e-02
5.889296531677246094e-02
5.932522937655448914e-02
8.075232803821563721e-02
9.291124343872070312e-02
1.131892055273056030e-01
1.155380755662918091e-01
8.157483488321304321e-02
5.764453113079071045e-02
5.166715383529663086e-02
5.815519019961357117e-02
8.928912878036499023e-02
1.152474135160446167e-01
1.507845073938369751e-01
1.399967670440673828e-01
1.036211401224136353e-01
7.687763869762420654e-02
5.417805910110473633e-02
5.729205161333084106e-02
8.607526868581771851e-02
1.047998443245887756e-01
1.243115440011024475e-01
1.107900068163871765e-01
8.499929308891296387e-02
6.553411483764648438e-02
5.670912191271781921e-02
6.022776290774345398e-02
8.488556742668151855e-02
1.033153906464576721e-01
1.246941760182380676e-01
1.188007071614265442e-01
8.537434041500091553e-02
6.274370849132537842e-02
5.715808272361755371e-02
5.932753160595893860e-02
9.036751836538314819e-02
1.111258268356323242e-01
1.364296525716781616e-01
1.208225563168525696e-01
9.126109629869461060e-02
6.219181790947914124e-02
5.568639934062957764e-02
7.389713823795318604e-02
8.759757876396179199e-02
1.025556176900863647e-01
1.252766251564025879e-01
1.215220242738723755e-01
9.288100898265838623e-02
7.553772628307342529e-02
6.496449559926986694e-02
6.529223918914794922e-02
8.373197168111801147e-02
9.898730367422103882e-02
1.232878193259239197e-01
1.356701552867889404e-01
9.131122380495071411e-02
6.912788748741149902e-02
5.654773488640785217e-02
5.416975170373916626e-02
6.453622877597808838e-02
8.289382606744766235e-02
9.548023343086242676e-02
1.408789157867431641e-01
7.658192515373229980e-02
6.895076483488082886e-02
5.582350119948387146e-02
5.104202777147293091e-02
7.049091160297393799e-02
1.001835763454437256e-01
1.160930916666984558e-01
1.315660029649734497e-01
8.760242164134979248e-02
6.466278433799743652e-02
5.348864942789077759e-02
6.296921521425247192e-02
8.150781691074371338e-02
9.455296397209167480e-02
1.151039153337478638e-01
1.348827034235000610e-01
8.878657966852188110e-02
6.896469742059707642e-02
5.772680789232254028e-02
6.423577666282653809e-02
8.747754245996475220e-02
1.160193458199501038e-01
1.285010129213333130e-01
1.245131418108940125e-01
9.706165641546249390e-02
7.342023402452468872e-02
6.116821244359016418e-02
7.397801429033279419e-02
9.575627744197845459e-02
1.257129907608032227e-01
1.509426534175872803e-01
1.896183341741561890e-01
1.312096118927001953e-01
9.163685888051986694e-02
7.235194742679595947e-02
6.061529740691184998e-02
8.793703466653823853e-02
9.609890729188919067e-02
1.138732805848121643e-01
1.145031005144119263e-01
8.031529933214187622e-02
6.512898951768875122e-02
5.916233733296394348e-02
6.629937887191772461e-02
9.240011125802993774e-02
1.063713058829307556e-01
1.272623240947723389e-01
1.191409900784492493e-01
8.697757124900817871e-02
6.532884389162063599e-02
6.064145267009735107e-02
5.419430881738662720e-02
7.431505620479583740e-02
8.995740115642547607e-02
1.038406118750572205e-01
1.054700091481208801e-01
6.831075996160507202e-02
5.765565484762191772e-02
5.340655893087387085e-02
6.117193028330802917e-02
8.766511827707290649e-02
9.988339245319366455e-02
1.240988746285438538e-01
1.261766254901885986e-01
9.495644271373748779e-02
6.719797104597091675e-02
6.116961687803268433e-02
7.910505682229995728e-02
1.058076694607734680e-01
1.360063403844833374e-01
1.730648428201675415e-01
2.048573493957519531e-01
1.426551640033721924e-01
9.576023370027542114e-02
7.657796889543533325e-02
7.265464216470718384e-02
8.809445053339004517e-02
1.075537353754043579e-01
1.554452031850814819e-01
1.214888244867324829e-01
9.065875411033630371e-02
6.902366876602172852e-02
6.356055289506912231e-02
6.966567784547805786e-02
9.150463342666625977e-02
9.330284595489501953e-02
1.202277168631553650e-01
1.232795938849449158e-01
8.560255914926528931e-02
7.056105881929397583e-02
6.303943693637847900e-02
6.178520992398262024e-02
7.831832021474838257e-02
9.339001774787902832e-02
1.145954504609107971e-01
1.022751256823539734e-01
7.346608489751815796e-02
6.518922746181488037e-02
5.606383457779884338e-02
6.928357481956481934e-02
1.014527976512908936e-01
1.387100964784622192e-01
1.883438676595687866e-01
1.257784664630889893e-01
1.076406612992286682e-01
7.997095584869384766e-02
6.426940858364105225e-02
6.141318753361701965e-02
7.997969537973403931e-02
8.994174003601074219e-02
1.217688918113708496e-01
1.127655655145645142e-01
7.957737147808074951e-02
6.477991491556167603e-02
5.845420062541961670e-02
6.550293415784835815e-02
9.029807150363922119e-02
1.241435632109642029e-01
1.664333939552307129e-01
2.053924053907394409e-01
1.326882988214492798e-01
7.437009364366531372e-02
5.969800427556037903e-02
6.752689927816390991e-02
1.016754284501075745e-01
1.072359159588813782e-01
1.469002813100814819e-01
1.765588968992233276e-01
8.918724209070205688e-02
7.072434574365615845e-02
6.300925463438034058e-02
5.986620485782623291e-02
8.024331927299499512e-02
9.156538546085357666e-02
1.092417985200881958e-01
1.715204119682312012e-01
9.819056838750839233e-02
6.588344275951385498e-02
5.824127793312072754e-02
5.986016616225242615e-02
7.401254028081893921e-02
8.421403169631958008e-02
1.119527965784072876e-01
1.559278070926666260e-01
8.261086046695709229e-02
6.692783534526824951e-02
5.639051273465156555e-02
5.158919841051101685e-02
7.408358156681060791e-02
1.046722307801246643e-01
1.356939673423767090e-01
1.795572340488433838e-01
9.036553651094436646e-02
6.005650013685226440e-02
5.402369424700737000e-02
5.845937877893447876e-02
7.459628582000732422e-02
9.969769418239593506e-02
1.210753247141838074e-01
2.000514268875122070e-01
1.018389165401458740e-01
6.848091632127761841e-02
5.506597086787223816e-02
4.995512589812278748e-02
6.068978086113929749e-02
8.164741843938827515e-02
1.058972254395484924e-01
1.090720370411872864e-01
6.491772830486297607e-02
5.050031840801239014e-02
4.445950686931610107e-02
7.189788669347763062e-02
9.915830194950103760e-02
1.318592876195907593e-01
1.685580015182495117e-01
1.660263240337371826e-01
1.319856047630310059e-01
8.193523436784744263e-02
6.838461756706237793e-02
7.842301577329635620e-02
1.203722953796386719e-01
1.237823590636253357e-01
1.318428665399551392e-01
1.232425868511199951e-01
8.902205526828765869e-02
8.209652453660964966e-02
6.975025683641433716e-02
6.341506540775299072e-02
7.875508069992065430e-02
1.072636991739273071e-01
1.348703950643539429e-01
1.518544256687164307e-01
8.620394766330718994e-02
6.727476418018341064e-02
5.838185548782348633e-02
5.639086663722991943e-02
8.093792945146560669e-02
9.286841750144958496e-02
1.197932288050651550e-01
1.796334236860275269e-01
1.012163758277893066e-01
6.027709692716598511e-02
5.387877300381660461e-02
5.953401327133178711e-02
8.056371659040451050e-02
9.318400174379348755e-02
1.111854910850524902e-01
1.509386897087097168e-01
8.798421174287796021e-02
6.487604230642318726e-02
5.735461041331291199e-02
6.834815442562103271e-02
9.240604192018508911e-02
1.060652062296867371e-01
1.296227723360061646e-01
2.107326835393905640e-01
1.213646084070205688e-01
7.759608328342437744e-02
6.736039370298385620e-02
7.646699994802474976e-02
1.074298024177551270e-01
1.397663056850433350e-01
1.682425588369369507e-01
1.938873678445816040e-01
1.428946554660797119e-01
8.744382858276367188e-02
6.760711222887039185e-02
8.267440646886825562e-02
1.070285439491271973e-01
1.419843584299087524e-01
1.668591499328613281e-01
1.689371168613433838e-01
1.357098817825317383e-01
1.013129204511642456e-01
8.237331360578536987e-02
1.154555901885032654e-01
1.463887691497802734e-01
1.525284051895141602e-01
1.845985502004623413e-01
1.881562769412994385e-01
1.513969302177429199e-01
1.142105013132095337e-01
1.112481951713562012e-01
6.680189073085784912e-02
9.217973053455352783e-02
1.190584376454353333e-01
1.336265951395034790e-01
1.336849629878997803e-01
1.209149435162544250e-01
8.945276588201522827e-02
6.743066757917404175e-02
7.937504351139068604e-02
1.056522950530052185e-01
1.483636349439620972e-01
2.000084966421127319e-01
1.910971105098724365e-01
1.378613412380218506e-01
8.198958635330200195e-02
7.442598789930343628e-02
5.545367673039436340e-02
8.831913769245147705e-02
1.011330634355545044e-01
1.177622228860855103e-01
1.129090264439582825e-01
9.263758361339569092e-02
6.475745141506195068e-02
5.055823177099227905e-02
5.993345379829406738e-02
7.906202226877212524e-02
1.014904826879501343e-01
1.253512799739837646e-01
1.353148519992828369e-01
1.030859202146530151e-01
8.264213055372238159e-02
5.811823904514312744e-02
7.386914640665054321e-02
9.961356222629547119e-02
1.229581683874130249e-01
1.452169269323348999e-01
1.542287915945053101e-01
1.175767332315444946e-01
7.846777886152267456e-02
6.661038100719451904e-02
6.903769075870513916e-02
9.452356398105621338e-02
1.256877183914184570e-01
1.486525535583496094e-01
1.876623183488845825e-01
1.300796717405319214e-01
7.327885925769805908e-02
6.184700503945350647e-02
7.898543775081634521e-02
9.981927275657653809e-02
1.341313570737838745e-01
1.557918936014175415e-01
1.810767054557800293e-01
1.148588731884956360e-01
8.860100060701370239e-02
7.600103318691253662e-02
9.376674890518188477e-02
1.149663776159286499e-01
1.452313810586929321e-01
1.829545944929122925e-01
1.780513375997543335e-01
1.409001648426055908e-01
1.118032187223434448e-01
8.626297861337661743e-02
7.714252173900604248e-02
1.093602851033210754e-01
1.415869146585464478e-01
1.632829159498214722e-01
1.833758056163787842e-01
1.306492984294891357e-01
9.019070118665695190e-02
7.530996948480606079e-02
5.411760136485099792e-02
7.182668149471282959e-02
9.092819690704345703e-02
1.075352355837821960e-01
9.794908761978149414e-02
8.458714187145233154e-02
6.553886830806732178e-02
4.999368637800216675e-02
5.069500952959060669e-02
7.106560468673706055e-02
9.424687922000885010e-02
1.195960417389869690e-01
1.523367613554000854e-01
9.787835925817489624e-02
6.636062264442443848e-02
4.982580989599227905e-02
1.049326658248901367e-01
1.264286637306213379e-01
1.540166735649108887e-01
2.079392522573471069e-01
1.920816451311111450e-01
1.459217369556427002e-01
1.157543957233428955e-01
1.005637347698211670e-01
5.709113925695419312e-02
8.157069236040115356e-02
9.538929164409637451e-02
1.186810061335563660e-01
1.282677501440048218e-01
9.757653623819351196e-02
6.571467965841293335e-02
5.255905538797378540e-02
5.906432121992111206e-02
7.058887928724288940e-02
8.948122709989547729e-02
9.407449513673782349e-02
1.096227094531059265e-01
8.019985258579254150e-02
5.909324064850807190e-02
5.152943730354309082e-02
1.033575534820556641e-01
1.351914405822753906e-01
1.620341986417770386e-01
1.952626258134841919e-01
2.012151330709457397e-01
1.586317569017410278e-01
9.578341245651245117e-02
9.121073782444000244e-02
5.563100427389144897e-02
7.547270506620407104e-02
9.151151776313781738e-02
1.005749627947807312e-01
1.016629040241241455e-01
8.146359026432037354e-02
5.735777691006660461e-02
5.085519701242446899e-02
5.999953672289848328e-02
7.598760724067687988e-02
9.246708452701568604e-02
1.068999245762825012e-01
1.087860763072967529e-01
8.364835381507873535e-02
6.362204998731613159e-02
5.555373057723045349e-02
7.011961191892623901e-02
8.537209779024124146e-02
1.017341315746307373e-01
1.197378858923912048e-01
1.167208105325698853e-01
9.159672260284423828e-02
6.405475735664367676e-02
5.934373289346694946e-02
7.705359905958175659e-02
9.450770914554595947e-02
1.001596972346305847e-01
1.208294704556465149e-01
1.211634203791618347e-01
9.355378895998001099e-02
8.109231293201446533e-02
6.323260068893432617e-02
5.950890854001045227e-02
7.043603807687759399e-02
9.111840277910232544e-02
1.082777753472328186e-01
1.185166314244270325e-01
9.202101081609725952e-02
6.143996119499206543e-02
5.343172326683998108e-02
7.024148851633071899e-02
8.603418618440628052e-02
1.041872724890708923e-01
1.315968334674835205e-01
1.212978884577751160e-01
9.024912863969802856e-02
6.786466389894485474e-02
6.366939097642898560e-02
7.941608875989913940e-02
9.958335012197494507e-02
1.159645915031433105e-01
1.364981979131698608e-01
1.280428171157836914e-01
1.011135056614875793e-01
8.036204427480697632e-02
7.025539875030517578e-02
7.525139302015304565e-02
9.285913407802581787e-02
1.058851033449172974e-01
1.280394494533538818e-01
1.298090815544128418e-01
9.931237995624542236e-02
7.711210101842880249e-02
7.028670608997344971e-02
7.054415345191955566e-02
9.286807477474212646e-02
1.024116054177284241e-01
1.228319033980369568e-01
1.158895343542098999e-01
9.037566930055618286e-02
6.820364296436309814e-02
6.303109973669052124e-02
6.155776977539062500e-02
7.993721216917037964e-02
9.087245166301727295e-02
9.801085293292999268e-02
1.071750000119209290e-01
8.389775454998016357e-02
6.480438262224197388e-02
5.999353528022766113e-02
6.638220697641372681e-02
8.891030400991439819e-02
1.051150709390640259e-01
1.260473877191543579e-01
1.375556588172912598e-01
1.046413257718086243e-01
7.915994524955749512e-02
5.945533514022827148e-02
7.748450338840484619e-02
1.025318801403045654e-01
1.081740632653236389e-01
1.294870674610137939e-01
1.494942754507064819e-01
9.729421138763427734e-02
8.274608105421066284e-02
7.413354516029357910e-02
