1.479717791080474854e-01
1.587086468935012817e-01
1.254744380712509155e-01
1.072517931461334229e-01
1.098268702626228333e-01
1.286615133285522461e-01
1.107808649539947510e-01
1.738761067390441895e-01
1.677564829587936401e-01
1.500110626220703125e-01
1.406857371330261230e-01
1.258722543716430664e-01
1.543300896883010864e-01
1.323563307523727417e-01
1.699690967798233032e-01
1.652984619140625000e-01
1.386641710996627808e-01
1.328666955232620239e-01
1.285955607891082764e-01
1.426657289266586304e-01
1.316951215267181396e-01
1.393012553453445435e-01
1.369776427745819092e-01
1.156066432595252991e-01
1.035782396793365479e-01
9.911166131496429443e-02
1.100149005651473999e-01
9.570890665054321289e-02
1.336855739355087280e-01
1.323850750923156738e-01
1.051995903253555298e-01
1.018897071480751038e-01
1.002047583460807800e-01
1.143734231591224670e-01
1.026216894388198853e-01
9.568607807159423828e-02
8.876240253448486328e-02
7.232618331909179688e-02
6.927352398633956909e-02
6.943804770708084106e-02
7.894229888916015625e-02
6.918359547853469849e-02
8.918298780918121338e-02
8.809784799814224243e-02
6.900389492511749268e-02
7.827772945165634155e-02
6.380068510770797729e-02
6.756986677646636963e-02
6.328663975000381470e-02
1.060420200228691101e-01
1.096582114696502686e-01
9.107217192649841309e-02
8.025094121694564819e-02
7.590225338935852051e-02
9.149739146232604980e-02
8.373584598302841187e-02
1.179065853357315063e-01
1.205114722251892090e-01
1.033729985356330872e-01
8.708465099334716797e-02
8.295754343271255493e-02
8.997967839241027832e-02
8.367861807346343994e-02
1.606443822383880615e-01
1.460736542940139771e-01
1.157245934009552002e-01
1.106431260704994202e-01
1.099175140261650085e-01
1.016712114214897156e-01
1.078965514898300171e-01
1.966512054204940796e-01
1.764024347066879272e-01
1.205568015575408936e-01
9.718355536460876465e-02
8.985775709152221680e-02
9.419964998960494995e-02
8.135274052619934082e-02
1.644200682640075684e-01
1.565667390823364258e-01
1.723233461380004883e-01
1.511661559343338013e-01
1.632872521877288818e-01
1.276145130395889282e-01
8.467394113540649414e-02
1.084249839186668396e-01
1.217101886868476868e-01
1.331795006990432739e-01
1.178312450647354126e-01
1.119540184736251831e-01
8.935249596834182739e-02
7.135666906833648682e-02
1.135717928409576416e-01
1.278506368398666382e-01
1.258282959461212158e-01
1.045816987752914429e-01
9.972319006919860840e-02
8.721147477626800537e-02
6.834580749273300171e-02
1.370128393173217773e-01
2.552648484706878662e-01
2.188471555709838867e-01
2.212213128805160522e-01
1.354978084564208984e-01
1.075174957513809204e-01
7.885156571865081787e-02
1.355344206094741821e-01
1.686562299728393555e-01
1.747584640979766846e-01
1.386472433805465698e-01
1.192628592252731323e-01
1.074362844228744507e-01
8.436268568038940430e-02
1.360648125410079956e-01
1.524139344692230225e-01
1.487618535757064819e-01
1.572866141796112061e-01
1.490678191184997559e-01
1.048419624567031860e-01
8.247836679220199585e-02
1.133799701929092407e-01
1.288762837648391724e-01
1.387332528829574585e-01
1.194471716880798340e-01
1.075548008084297180e-01
8.946862071752548218e-02
6.749048084020614624e-02
1.256279647350311279e-01
1.295025646686553955e-01
1.161680147051811218e-01
1.061013191938400269e-01
1.020035147666931152e-01
9.233037382364273071e-02
7.517366856336593628e-02
1.100266128778457642e-01
1.191094517707824707e-01
1.136634722352027893e-01
1.078712940216064453e-01
1.007540896534919739e-01
9.817294031381607056e-02
8.781716972589492798e-02
1.168803572654724121e-01
1.178775727748870850e-01
1.024912521243095398e-01
9.196048974990844727e-02
9.281747043132781982e-02
8.600988984107971191e-02
6.739690899848937988e-02
1.080808341503143311e-01
1.068787053227424622e-01
9.460423141717910767e-02
1.103717312216758728e-01
9.295438975095748901e-02
7.802197337150573730e-02
6.607231497764587402e-02
1.196206584572792053e-01
1.150751933455467224e-01
1.087397485971450806e-01
1.212391406297683716e-01
1.009810715913772583e-01
9.456188231706619263e-02
7.987889647483825684e-02
1.335803419351577759e-01
1.436290889978408813e-01
1.323635727167129517e-01
1.345642209053039551e-01
1.369591057300567627e-01
1.137940585613250732e-01
8.642304688692092896e-02
1.228079795837402344e-01
1.348655670881271362e-01
1.275664269924163818e-01
1.257975548505783081e-01
9.282084554433822632e-02
9.634918719530105591e-02
7.802350819110870361e-02
1.243041455745697021e-01
1.304052621126174927e-01
1.248176693916320801e-01
9.213174134492874146e-02
8.899819105863571167e-02
9.050843119621276855e-02
7.353141903877258301e-02
2.049807757139205933e-01
1.917177736759185791e-01
1.556259095668792725e-01
1.050832867622375488e-01
1.100523248314857483e-01
9.110840409994125366e-02
7.378616183996200562e-02
1.272817701101303101e-01
1.407013982534408569e-01
1.311377733945846558e-01
1.119220256805419922e-01
1.134506911039352417e-01
9.556809812784194946e-02
7.641917467117309570e-02
1.248018667101860046e-01
1.307312101125717163e-01
1.397418230772018433e-01
1.157586351037025452e-01
1.160690188407897949e-01
9.577129036188125610e-02
7.812081277370452881e-02
1.166338920593261719e-01
1.334833502769470215e-01
1.187922582030296326e-01
1.054385378956794739e-01
1.009407341480255127e-01
8.949780464172363281e-02
7.313976436853408813e-02
1.012054458260536194e-01
1.087128669023513794e-01
1.262392401695251465e-01
1.062308028340339661e-01
8.856011182069778442e-02
8.499451726675033569e-02
7.205807417631149292e-02
1.053515449166297913e-01
1.143979877233505249e-01
1.154057979583740234e-01
1.099247410893440247e-01
9.288114309310913086e-02
8.950524032115936279e-02
7.654298096895217896e-02
1.043278574943542480e-01
1.057838872075080872e-01
9.804364293813705444e-02
9.601138532161712646e-02
8.792167156934738159e-02
8.048631250858306885e-02
6.361196935176849365e-02
1.134379282593727112e-01
1.175063848495483398e-01
1.094557270407676697e-01
9.744879603385925293e-02
9.206531196832656860e-02
8.722531050443649292e-02
7.212942838668823242e-02
1.362462490797042847e-01
1.384225636720657349e-01
1.087401360273361206e-01
9.265151619911193848e-02
8.553768694400787354e-02
8.060581237077713013e-02
6.799892336130142212e-02
1.494132876396179199e-01
1.456962227821350098e-01
1.399343013763427734e-01
1.256836652755737305e-01
9.986247122287750244e-02
1.116761267185211182e-01
9.438750147819519043e-02
1.239316537976264954e-01
1.233183965086936951e-01
1.138529926538467407e-01
1.258513480424880981e-01
8.964279294013977051e-02
9.428118169307708740e-02
7.327094674110412598e-02
1.284732669591903687e-01
1.493155658245086670e-01
1.308975964784622192e-01
1.504475921392440796e-01
8.724336326122283936e-02
1.014695391058921814e-01
8.073315769433975220e-02
1.159743741154670715e-01
1.219619810581207275e-01
1.232767179608345032e-01
1.312351524829864502e-01
9.789247065782546997e-02
8.908116817474365234e-02
6.863782554864883423e-02
1.345469206571578979e-01
1.464941352605819702e-01
1.409521996974945068e-01
1.384088695049285889e-01
1.185266971588134766e-01
1.102773472666740417e-01
9.180983901023864746e-02
1.134550645947456360e-01
1.223386079072952271e-01
1.099641695618629456e-01
1.369832009077072144e-01
1.026799753308296204e-01
8.510659635066986084e-02
7.133049517869949341e-02
1.363961249589920044e-01
2.093140333890914917e-01
1.730849593877792358e-01
9.496054053306579590e-02
1.107805520296096802e-01
8.242998272180557251e-02
7.306262105703353882e-02
1.483991593122482300e-01
1.842156350612640381e-01
1.812917143106460571e-01
1.255859732627868652e-01
9.952603280544281006e-02
9.748143702745437622e-02
6.864633411169052124e-02
1.295432150363922119e-01
1.136284843087196350e-01
1.084899753332138062e-01
1.158362030982971191e-01
1.204833388328552246e-01
1.324087232351303101e-01
9.942641109228134155e-02
1.326793730258941650e-01
1.435220539569854736e-01
1.154330968856811523e-01
1.076846793293952942e-01
1.446691006422042847e-01
1.308332234621047974e-01
7.926270365715026855e-02
1.400219798088073730e-01
1.682368069887161255e-01
1.539843529462814331e-01
1.313933134078979492e-01
1.321460008621215820e-01
1.493493020534515381e-01
1.060397252440452576e-01
1.810973584651947021e-01
1.823581308126449585e-01
1.683851182460784912e-01
1.417458802461624146e-01
1.412999629974365234e-01
1.317108273506164551e-01
1.186072751879692078e-01
2.178759425878524780e-01
2.198133170604705811e-01
2.470350712537765503e-01
1.418002545833587646e-01
1.765817850828170776e-01
1.490619480609893799e-01
1.204335242509841919e-01
2.392878383398056030e-01
2.502968311309814453e-01
2.432501465082168579e-01
1.989562064409255981e-01
2.197237610816955566e-01
2.135393470525741577e-01
1.564020514488220215e-01
1.753128618001937866e-01
1.853764057159423828e-01
1.921805590391159058e-01
1.532920598983764648e-01
1.521605253219604492e-01
1.493927240371704102e-01
1.065393686294555664e-01
1.311248093843460083e-01
1.483894884586334229e-01
1.482028663158416748e-01
1.242651715874671936e-01
1.503120362758636475e-01
1.174259036779403687e-01
8.671751618385314941e-02
1.288057565689086914e-01
1.395557671785354614e-01
1.513760536909103394e-01
1.757366657257080078e-01
1.376656442880630493e-01
1.241628527641296387e-01
9.683943539857864380e-02
2.676508128643035889e-01
2.312789261341094971e-01
2.129933387041091919e-01
1.875693202018737793e-01
1.934816837310791016e-01
1.950777024030685425e-01
1.252566874027252197e-01
1.861108690500259399e-01
1.692557036876678467e-01
1.643168479204177856e-01
1.381233781576156616e-01
1.291809082031250000e-01
1.253303885459899902e-01
9.120519459247589111e-02
1.340628117322921753e-01
1.257529854774475098e-01
1.349164545536041260e-01
1.196791157126426697e-01
1.941756010055541992e-01
1.665639430284500122e-01
9.038890898227691650e-02
1.964534819126129150e-01
1.728933006525039673e-01
1.807100921869277954e-01
1.453034728765487671e-01
1.709754616022109985e-01
1.841179430484771729e-01
1.225876808166503906e-01
1.600890159606933594e-01
1.547557115554809570e-01
2.100681811571121216e-01
1.491476148366928101e-01
1.116763353347778320e-01
1.223141923546791077e-01
8.888515084981918335e-02
1.216278225183486938e-01
1.376478821039199829e-01
2.196626216173171997e-01
1.528638303279876709e-01
1.762062907218933105e-01
1.784783303737640381e-01
9.056250005960464478e-02
1.628638654947280884e-01
1.743176281452178955e-01
2.023416757583618164e-01
1.396569013595581055e-01
1.300359815359115601e-01
1.067449301481246948e-01
8.194772154092788696e-02
1.919393539428710938e-01
1.522709578275680542e-01
1.946389079093933105e-01
1.385064274072647095e-01
1.368387639522552490e-01
1.338095813989639282e-01
8.014079928398132324e-02
1.405875086784362793e-01
1.204012930393218994e-01
1.672912091016769409e-01
1.483850628137588501e-01
1.229025870561599731e-01
1.217109337449073792e-01
7.669989019632339478e-02
4.037673771381378174e-01
2.356416434049606323e-01
2.278827428817749023e-01
1.572096645832061768e-01
1.386386305093765259e-01
1.538558155298233032e-01
1.045844405889511108e-01
2.376169562339782715e-01
3.231511414051055908e-01
2.851104140281677246e-01
2.097861021757125854e-01
1.544484198093414307e-01
1.386391818523406982e-01
9.565196931362152100e-02
2.803450822830200195e-01
2.548035681247711182e-01
2.214522361755371094e-01
1.775547713041305542e-01
1.662766039371490479e-01
1.267590224742889404e-01
8.998974412679672241e-02
2.339844852685928345e-01
2.409476637840270996e-01
1.749106049537658691e-01
1.402565240859985352e-01
1.444661468267440796e-01
1.254898309707641602e-01
8.418972790241241455e-02
2.263333201408386230e-01
1.899734735488891602e-01
1.561391204595565796e-01
1.251740902662277222e-01
1.142724007368087769e-01
1.377153992652893066e-01
9.550725668668746948e-02
2.315058410167694092e-01
2.143165916204452515e-01
1.907384395599365234e-01
1.584972143173217773e-01
1.262665987014770508e-01
1.302812397480010986e-01
1.074864789843559265e-01
1.628484874963760376e-01
1.631122380495071411e-01
1.427058130502700806e-01
1.188614219427108765e-01
9.800409525632858276e-02
1.005940288305282593e-01
8.772469311952590942e-02
2.536210715770721436e-01
2.412004768848419189e-01
1.650102287530899048e-01
1.310644894838333130e-01
1.444032341241836548e-01
1.272695064544677734e-01
1.053106784820556641e-01
1.682210117578506470e-01
1.784955114126205444e-01
1.818475723266601562e-01
1.159770116209983826e-01
1.178007945418357849e-01
1.056785359978675842e-01
8.043663948774337769e-02
1.864993274211883545e-01
1.996835321187973022e-01
1.723227649927139282e-01
1.269745826721191406e-01
1.369381397962570190e-01
1.184870079159736633e-01
8.876307308673858643e-02
1.879472732543945312e-01
2.270865738391876221e-01
1.664470434188842773e-01
1.364021748304367065e-01
1.333923488855361938e-01
1.199330016970634460e-01
9.411232918500900269e-02
1.542041301727294922e-01
1.645433902740478516e-01
1.324354857206344604e-01
1.261467188596725464e-01
1.113699376583099365e-01
1.019791513681411743e-01
7.418841868638992310e-02
2.703054249286651611e-01
3.152726590633392334e-01
2.100026458501815796e-01
2.133481949567794800e-01
2.258314788341522217e-01
2.170901745557785034e-01
1.440168172121047974e-01
2.398897409439086914e-01
2.562810182571411133e-01
1.988782286643981934e-01
1.811201125383377075e-01
1.591582894325256348e-01
1.359377652406692505e-01
1.071581766009330750e-01
2.016005069017410278e-01
2.163333445787429810e-01
1.461448967456817627e-01
1.292756050825119019e-01
1.282217055559158325e-01
1.093391999602317810e-01
8.247693628072738647e-02
1.688026487827301025e-01
1.725741177797317505e-01
1.411442905664443970e-01
1.173506304621696472e-01
9.866680949926376343e-02
9.427224844694137573e-02
7.952474802732467651e-02
2.256310284137725830e-01
2.079020589590072632e-01
1.494111269712448120e-01
1.354911178350448608e-01
1.548707038164138794e-01
1.552006006240844727e-01
8.205672353506088257e-02
1.317708343267440796e-01
1.353472769260406494e-01
1.078741252422332764e-01
9.542638063430786133e-02
8.781812340021133423e-02
8.516044914722442627e-02
6.517580151557922363e-02
1.309249848127365112e-01
1.407580971717834473e-01
1.323825567960739136e-01
1.069214195013046265e-01
8.528165519237518311e-02
8.691055327653884888e-02
6.923854351043701172e-02
