8.712536096572875977e-02
1.451949477195739746e-01
9.902191907167434692e-02
8.641215413808822632e-02
7.912228256464004517e-02
6.962127238512039185e-02
8.321755379438400269e-02
7.498948276042938232e-02
7.436048984527587891e-02
6.433689594268798828e-02
8.394243568181991577e-02
1.127940937876701355e-01
1.232462748885154724e-01
1.176748573780059814e-01
1.142177283763885498e-01
8.408031612634658813e-02
9.236951917409896851e-02
8.972245454788208008e-02
7.994790375232696533e-02
7.134029269218444824e-02
1.025053337216377258e-01
1.424782425165176392e-01
1.462670117616653442e-01
1.333011388778686523e-01
1.211365163326263428e-01
9.390208125114440918e-02
9.893758594989776611e-02
9.498766809701919556e-02
9.526781737804412842e-02
1.035709753632545471e-01
7.260026782751083374e-02
1.073397397994995117e-01
1.038326993584632874e-01
9.730532020330429077e-02
9.149544686079025269e-02
7.030922174453735352e-02
7.858800888061523438e-02
8.078266680240631104e-02
8.317444473505020142e-02
7.345912605524063110e-02
7.442840933799743652e-02
9.599740803241729736e-02
1.090738847851753235e-01
1.049150153994560242e-01
1.084109395742416382e-01
8.240620046854019165e-02
9.852464497089385986e-02
8.649516105651855469e-02
8.577221632003784180e-02
7.530298829078674316e-02
5.632254108786582947e-02
8.096390217542648315e-02
7.755242288112640381e-02
7.793809473514556885e-02
8.478735387325286865e-02
6.045347452163696289e-02
6.622604280710220337e-02
6.080381199717521667e-02
6.959855556488037109e-02
5.970596522092819214e-02
5.263854563236236572e-02
7.271175831556320190e-02
7.194688171148300171e-02
6.715041399002075195e-02
7.007310539484024048e-02
5.811373889446258545e-02
6.447044014930725098e-02
6.604342907667160034e-02
7.333747297525405884e-02
5.258696153759956360e-02
6.009671092033386230e-02
8.290950953960418701e-02
8.836334943771362305e-02
7.904881238937377930e-02
7.594794034957885742e-02
6.541841477155685425e-02
7.403034716844558716e-02
7.458833605051040649e-02
7.557845115661621094e-02
6.367946416139602661e-02
6.152690574526786804e-02
8.150921016931533813e-02
8.138855546712875366e-02
7.795302569866180420e-02
7.582511007785797119e-02
6.398884207010269165e-02
7.714889943599700928e-02
7.633019983768463135e-02
8.455880731344223022e-02
6.188923865556716919e-02
7.389817386865615845e-02
1.339612603187561035e-01
1.194588392972946167e-01
9.811253845691680908e-02
1.013828143477439880e-01
6.547693908214569092e-02
9.236691147089004517e-02
1.080460473895072937e-01
8.886852115392684937e-02
8.569402247667312622e-02
7.156694680452346802e-02
1.121749132871627808e-01
9.101939946413040161e-02
8.393546193838119507e-02
8.944594115018844604e-02
7.461186498403549194e-02
8.676917850971221924e-02
8.273886144161224365e-02
7.773412764072418213e-02
6.512977927923202515e-02
6.802830100059509277e-02
1.019283235073089600e-01
1.009865403175354004e-01
9.660371392965316772e-02
8.871903270483016968e-02
6.403286010026931763e-02
7.238586246967315674e-02
7.261233776807785034e-02
7.285068929195404053e-02
5.800542607903480530e-02
5.989438667893409729e-02
7.568624615669250488e-02
8.087196946144104004e-02
8.098016679286956787e-02
8.159933984279632568e-02
6.637861579656600952e-02
8.261947333812713623e-02
7.294532656669616699e-02
7.004865258932113647e-02
5.424253270030021667e-02
6.030509620904922485e-02
8.197278529405593872e-02
7.890916615724563599e-02
8.233322203159332275e-02
9.265477955341339111e-02
7.373892515897750854e-02
8.742929995059967041e-02
7.494208961725234985e-02
8.377642929553985596e-02
5.538035929203033447e-02
5.732248350977897644e-02
7.696219533681869507e-02
7.712304592132568359e-02
7.925922423601150513e-02
8.998491615056991577e-02
6.713851541280746460e-02
7.538701593875885010e-02
6.849111616611480713e-02
7.278705388307571411e-02
5.582968518137931824e-02
6.396222859621047974e-02
8.981924504041671753e-02
9.419927000999450684e-02
9.269461035728454590e-02
1.031505241990089417e-01
7.333263009786605835e-02
8.257355540990829468e-02
8.124586939811706543e-02
7.271608710289001465e-02
5.632665753364562988e-02
6.377119570970535278e-02
7.974001765251159668e-02
8.574219048023223877e-02
9.334593266248703003e-02
1.259084343910217285e-01
8.759883791208267212e-02
1.120919361710548401e-01
8.755986392498016357e-02
7.639332115650177002e-02
6.042284145951271057e-02
5.565052479505538940e-02
7.478872686624526978e-02
7.301034778356552124e-02
7.748010754585266113e-02
7.836199551820755005e-02
6.685346364974975586e-02
8.725258708000183105e-02
6.567758321762084961e-02
6.760574877262115479e-02
5.306753143668174744e-02
6.218706443905830383e-02
8.158253878355026245e-02
8.703253418207168579e-02
8.086977899074554443e-02
8.147311210632324219e-02
7.010620832443237305e-02
8.935043215751647949e-02
8.018015325069427490e-02
7.791229337453842163e-02
5.522958934307098389e-02
6.203759834170341492e-02
9.018994867801666260e-02
9.318424761295318604e-02
9.844242781400680542e-02
9.794566780328750610e-02
9.026207774877548218e-02
9.864106029272079468e-02
7.639817148447036743e-02
7.519099116325378418e-02
5.943451076745986938e-02
6.259974837303161621e-02
7.857739180326461792e-02
8.074343204498291016e-02
8.605010807514190674e-02
8.916302025318145752e-02
7.103499025106430054e-02
8.738598227500915527e-02
6.433466076850891113e-02
6.377224624156951904e-02
5.083883553743362427e-02
5.259452760219573975e-02
7.372502237558364868e-02
8.572424948215484619e-02
9.387251734733581543e-02
1.057206839323043823e-01
7.641280442476272583e-02
1.028905585408210754e-01
7.171738147735595703e-02
6.400330364704132080e-02
4.808302223682403564e-02
6.339056044816970825e-02
9.766324609518051147e-02
1.012013405561447144e-01
1.068098843097686768e-01
1.143272444605827332e-01
7.456495612859725952e-02
8.839018642902374268e-02
6.876236200332641602e-02
7.087873667478561401e-02
5.661110207438468933e-02
6.740606576204299927e-02
1.165856346487998962e-01
1.170716211199760437e-01
1.100961565971374512e-01
9.706735610961914062e-02
6.274762749671936035e-02
7.319687306880950928e-02
7.300375401973724365e-02
7.339153438806533813e-02
5.550906434655189514e-02
6.659958511590957642e-02
9.434336423873901367e-02
8.612222224473953247e-02
7.858923077583312988e-02
7.835700362920761108e-02
6.476952880620956421e-02
7.526283711194992065e-02
7.316132634878158569e-02
7.595390081405639648e-02
6.102613732218742371e-02
6.219912320375442505e-02
9.370403736829757690e-02
9.444487094879150391e-02
9.034645557403564453e-02
8.651784807443618774e-02
6.826500594615936279e-02
7.611564546823501587e-02
7.060795277357101440e-02
7.485587149858474731e-02
5.857006087899208069e-02
6.611433625221252441e-02
1.050467863678932190e-01
8.979848772287368774e-02
9.065784513950347900e-02
8.603884279727935791e-02
7.267194986343383789e-02
7.936470955610275269e-02
6.575463712215423584e-02
6.804891675710678101e-02
5.168968439102172852e-02
6.385763734579086304e-02
1.121704950928688049e-01
1.033859178423881531e-01
9.876736998558044434e-02
8.858368545770645142e-02
6.373322010040283203e-02
6.842857599258422852e-02
6.611786782741546631e-02
6.752196699380874634e-02
5.567348375916481018e-02
6.584165990352630615e-02
1.071191802620887756e-01
9.778159111738204956e-02
1.024997755885124207e-01
9.713970869779586792e-02
7.490099966526031494e-02
9.379316121339797974e-02
7.157128304243087769e-02
7.405055314302444458e-02
5.548871681094169617e-02
6.106849014759063721e-02
9.442817419767379761e-02
9.235870093107223511e-02
9.468696266412734985e-02
1.039694622159004211e-01
7.536508888006210327e-02
8.496453613042831421e-02
7.927606254816055298e-02
6.605590134859085083e-02
5.958000198006629944e-02
6.219433248043060303e-02
8.971773833036422729e-02
8.279141038656234741e-02
8.132170140743255615e-02
7.612654566764831543e-02
7.207699865102767944e-02
8.401534706354141235e-02
7.718634605407714844e-02
7.377121597528457642e-02
5.583920329809188843e-02
6.573219597339630127e-02
9.555650502443313599e-02
1.042964234948158264e-01
1.084724888205528259e-01
1.130002364516258240e-01
8.888857811689376831e-02
9.994805604219436646e-02
7.806047052145004272e-02
7.679230719804763794e-02
5.873999744653701782e-02
5.026483908295631409e-02
7.620304077863693237e-02
7.525201886892318726e-02
7.724574208259582520e-02
8.402688801288604736e-02
6.809725612401962280e-02
8.250583708286285400e-02
6.148674711585044861e-02
6.496320664882659912e-02
4.542361944913864136e-02
5.275448784232139587e-02
7.375355064868927002e-02
7.883011549711227417e-02
7.912943512201309204e-02
7.586658000946044922e-02
7.111494988203048706e-02
7.871752232313156128e-02
6.936439126729965210e-02
6.422112137079238892e-02
5.298639833927154541e-02
7.057055830955505371e-02
1.022232770919799805e-01
7.970789819955825806e-02
7.139997184276580811e-02
7.234113663434982300e-02
6.783020496368408203e-02
7.070368528366088867e-02
7.465940713882446289e-02
7.205599546432495117e-02
6.308194994926452637e-02
7.249629497528076172e-02
1.096220090985298157e-01
1.118079870939254761e-01
1.060913354158401489e-01
1.058032065629959106e-01
8.638661354780197144e-02
1.058002635836601257e-01
1.339561343193054199e-01
8.748634904623031616e-02
6.536579877138137817e-02
6.055982783436775208e-02
9.299305826425552368e-02
8.205936104059219360e-02
8.278732746839523315e-02
7.813922315835952759e-02
6.429603695869445801e-02
8.833668380975723267e-02
1.067529469728469849e-01
8.879945427179336548e-02
5.717201903462409973e-02
7.344862073659896851e-02
1.070731505751609802e-01
1.036456301808357239e-01
9.280135482549667358e-02
8.393456041812896729e-02
7.100891321897506714e-02
8.623270690441131592e-02
1.264383047819137573e-01
9.085182100534439087e-02
7.445856183767318726e-02
5.876398086547851562e-02
8.951454609632492065e-02
7.862107455730438232e-02
8.049540966749191284e-02
7.462717592716217041e-02
6.391544640064239502e-02
7.100515067577362061e-02
6.996543705463409424e-02
6.840711086988449097e-02
6.091613322496414185e-02
7.106914371252059937e-02
9.610205143690109253e-02
1.038678511977195740e-01
1.198105290532112122e-01
1.364082843065261841e-01
9.420296549797058105e-02
1.231059506535530090e-01
9.840431064367294312e-02
7.610231637954711914e-02
6.352113187313079834e-02
5.651608109474182129e-02
8.360286056995391846e-02
9.030745923519134521e-02
8.772138506174087524e-02
1.033581495285034180e-01
6.583609431982040405e-02
8.047791570425033569e-02
7.220139354467391968e-02
6.815754622220993042e-02
5.305635556578636169e-02
5.410214141011238098e-02
9.117718786001205444e-02
9.467915445566177368e-02
8.921904861927032471e-02
9.584487229585647583e-02
6.497485190629959106e-02
9.779071807861328125e-02
8.290673792362213135e-02
7.520695775747299194e-02
5.363635346293449402e-02
5.837425217032432556e-02
9.528660774230957031e-02
8.916167914867401123e-02
8.599442988634109497e-02
1.143682003021240234e-01
6.881634891033172607e-02
9.258779883384704590e-02
7.228333503007888794e-02
7.116395235061645508e-02
5.416307598352432251e-02
5.424861237406730652e-02
7.496012002229690552e-02
8.697758615016937256e-02
1.198489814996719360e-01
1.085509061813354492e-01
7.254237681627273560e-02
8.245190978050231934e-02
6.824006140232086182e-02
6.381218880414962769e-02
4.674488678574562073e-02
5.660242959856987000e-02
8.605894446372985840e-02
8.203105628490447998e-02
8.197158575057983398e-02
7.810445129871368408e-02
5.921603739261627197e-02
6.419939547777175903e-02
6.320974975824356079e-02
6.807307898998260498e-02
5.237457901239395142e-02
7.696440070867538452e-02
9.838866442441940308e-02
1.158804967999458313e-01
1.200817525386810303e-01
1.234193816781044006e-01
9.663198888301849365e-02
1.117096915841102600e-01
9.720487147569656372e-02
8.202959597110748291e-02
6.773113459348678589e-02
8.032084256410598755e-02
1.156436651945114136e-01
1.294540464878082275e-01
1.188821345567703247e-01
1.178353354334831238e-01
8.805685490369796753e-02
1.003718823194503784e-01
1.000262722373008728e-01
9.239438176155090332e-02
7.365445047616958618e-02
7.401248067617416382e-02
9.644163399934768677e-02
1.146129816770553589e-01
1.147348433732986450e-01
1.102785468101501465e-01
8.363828808069229126e-02
9.396357089281082153e-02
8.668851852416992188e-02
7.627528160810470581e-02
7.345368713140487671e-02
1.070435792207717896e-01
1.373595595359802246e-01
1.855466812849044800e-01
1.685963422060012817e-01
1.681237369775772095e-01
1.259666383266448975e-01
1.401049345731735229e-01
1.385823637247085571e-01
1.055284067988395691e-01
9.250701218843460083e-02
7.489184290170669556e-02
1.028008088469505310e-01
1.164213344454765320e-01
1.092056706547737122e-01
1.048747599124908447e-01
8.243424445390701294e-02
9.152808785438537598e-02
9.005552530288696289e-02
8.076355606317520142e-02
7.108277082443237305e-02
6.199880316853523254e-02
8.309550583362579346e-02
8.872427046298980713e-02
8.691098541021347046e-02
9.188238531351089478e-02
7.091096788644790649e-02
7.910394668579101562e-02
7.577898353338241577e-02
7.030370086431503296e-02
5.923588573932647705e-02
6.803979724645614624e-02
9.091172367334365845e-02
1.019795686006546021e-01
1.036201715469360352e-01
1.104761138558387756e-01
8.619324862957000732e-02
9.924946725368499756e-02
9.445425868034362793e-02
8.323480188846588135e-02
6.711027771234512329e-02
9.386137127876281738e-02
1.102172881364822388e-01
1.436648219823837280e-01
1.405216604471206665e-01
1.389272063970565796e-01
1.018654033541679382e-01
1.073500066995620728e-01
1.058348864316940308e-01
8.611590415239334106e-02
8.183846622705459595e-02
7.211484014987945557e-02
9.826017916202545166e-02
1.092688590288162231e-01
9.956104308366775513e-02
1.008667200803756714e-01
7.714331895112991333e-02
9.454734623432159424e-02
8.163155615329742432e-02
7.853686809539794922e-02
6.578934192657470703e-02
5.526416376233100891e-02
8.039937168359756470e-02
8.085760474205017090e-02
8.378224074840545654e-02
8.644703775644302368e-02
6.609713286161422729e-02
8.652760088443756104e-02
7.402095943689346313e-02
7.182659208774566650e-02
5.217953771352767944e-02
7.272516191005706787e-02
1.042538806796073914e-01
1.085459515452384949e-01
1.120199933648109436e-01
9.763726592063903809e-02
7.404118776321411133e-02
9.279371052980422974e-02
7.522105425596237183e-02
8.036691695451736450e-02
6.860198080539703369e-02
6.463464349508285522e-02
9.893269091844558716e-02
8.754873275756835938e-02
8.847148716449737549e-02
9.151110053062438965e-02
6.903485208749771118e-02
8.144482970237731934e-02
6.573313474655151367e-02
7.380153238773345947e-02
5.663781240582466125e-02
5.738137662410736084e-02
8.451103419065475464e-02
8.312930911779403687e-02
8.480331301689147949e-02
8.412928879261016846e-02
6.405860930681228638e-02
7.775493711233139038e-02
6.726875901222229004e-02
6.999605149030685425e-02
6.031229719519615173e-02
5.431235209107398987e-02
7.733567059040069580e-02
8.373763412237167358e-02
8.263632655143737793e-02
8.870813995599746704e-02
6.918474286794662476e-02
9.755544364452362061e-02
7.633091509342193604e-02
7.867808640003204346e-02
5.719787627458572388e-02
5.124283954501152039e-02
7.180010527372360229e-02
7.312897592782974243e-02
7.425117492675781250e-02
7.518634945154190063e-02
6.568935513496398926e-02
8.103340864181518555e-02
6.641197949647903442e-02
6.700499355792999268e-02
5.118155479431152344e-02
5.829639732837677002e-02
7.896284013986587524e-02
7.966794073581695557e-02
7.809457182884216309e-02
8.899453282356262207e-02
7.531104236841201782e-02
9.616290032863616943e-02
8.228334039449691772e-02
8.621046692132949829e-02
5.864584818482398987e-02
8.016497641801834106e-02
1.033170074224472046e-01
1.148426011204719543e-01
1.059431433677673340e-01
1.088878661394119263e-01
9.272512793540954590e-02
1.099848747253417969e-01
1.037485077977180481e-01
9.606175869703292847e-02
8.862715959548950195e-02
6.767746061086654663e-02
9.260831773281097412e-02
1.007302999496459961e-01
9.086822718381881714e-02
9.723932296037673950e-02
8.060397207736968994e-02
9.448073804378509521e-02
9.084694832563400269e-02
8.384244889020919800e-02
6.541826575994491577e-02
7.202427089214324951e-02
9.336565434932708740e-02
1.063366010785102844e-01
9.788468480110168457e-02
1.064939871430397034e-01
8.692570775747299194e-02
1.046298891305923462e-01
1.020111516118049622e-01
8.864556252956390381e-02
6.419507414102554321e-02
5.994374305009841919e-02
8.214370906352996826e-02
9.108638018369674683e-02
8.630314469337463379e-02
8.632630109786987305e-02
6.471534073352813721e-02
7.525037229061126709e-02
7.409263402223587036e-02
7.200669497251510620e-02
5.797270685434341431e-02
7.368686795234680176e-02
9.955532103776931763e-02
1.008552536368370056e-01
9.738599509000778198e-02
1.017350703477859497e-01
8.677661418914794922e-02
8.917555212974548340e-02
9.034407883882522583e-02
8.951361477375030518e-02
7.121468335390090942e-02
7.505640387535095215e-02
1.033864319324493408e-01
1.118416786193847656e-01
1.006780192255973816e-01
1.024159714579582214e-01
9.307543933391571045e-02
1.057296097278594971e-01
9.381140023469924927e-02
9.044441580772399902e-02
6.915631890296936035e-02
6.519877910614013672e-02
9.706478565931320190e-02
9.091091901063919067e-02
9.310536086559295654e-02
1.006951555609703064e-01
7.579100877046585083e-02
8.678165823221206665e-02
8.093112707138061523e-02
7.526039332151412964e-02
6.090088933706283569e-02
8.005309849977493286e-02
1.557741016149520874e-01
8.852271735668182373e-02
1.007395088672637939e-01
9.211355447769165039e-02
7.887888699769973755e-02
9.276643395423889160e-02
7.860919088125228882e-02
7.931330800056457520e-02
5.732083320617675781e-02
6.109585613012313843e-02
8.081935346126556396e-02
8.433346450328826904e-02
8.228611946105957031e-02
8.875922113656997681e-02
7.900030910968780518e-02
8.684668689966201782e-02
7.849627733230590820e-02
7.690449804067611694e-02
6.217167899012565613e-02
7.022728770971298218e-02
9.941746294498443604e-02
8.978670090436935425e-02
8.577165007591247559e-02
8.991485089063644409e-02
7.722862064838409424e-02
8.239798992872238159e-02
7.797413319349288940e-02
7.728494703769683838e-02
6.595867127180099487e-02
6.766131520271301270e-02
9.295145422220230103e-02
1.016875952482223511e-01
9.369362145662307739e-02
1.026597619056701660e-01
8.238629251718521118e-02
9.773258119821548462e-02
9.194263815879821777e-02
7.827725261449813843e-02
7.027402520179748535e-02
7.957520335912704468e-02
1.113934069871902466e-01
9.959999471902847290e-02
8.569030463695526123e-02
9.557946771383285522e-02
9.821986407041549683e-02
1.183760389685630798e-01
1.133644059300422668e-01
1.251138150691986084e-01
8.028477430343627930e-02
9.552340954542160034e-02
1.267643272876739502e-01
1.506679356098175049e-01
1.535304188728332520e-01
1.571870297193527222e-01
1.160976290702819824e-01
1.337127089500427246e-01
1.313813626766204834e-01
1.058735549449920654e-01
8.967827260494232178e-02
8.048249781131744385e-02
1.157149150967597961e-01
1.136948317289352417e-01
1.056760847568511963e-01
9.661184996366500854e-02
8.162325620651245117e-02
9.987364709377288818e-02
1.033044233918190002e-01
1.073701679706573486e-01
8.396057784557342529e-02
5.790584534406661987e-02
7.660952210426330566e-02
8.107841759920120239e-02
8.300583809614181519e-02
8.861793577671051025e-02
6.746201217174530029e-02
8.279467374086380005e-02
7.307814806699752808e-02
6.965705752372741699e-02
5.910415574908256531e-02
6.312520056962966919e-02
8.108154684305191040e-02
8.939859271049499512e-02
8.627599477767944336e-02
9.786538034677505493e-02
7.857451587915420532e-02
9.510979056358337402e-02
8.599820733070373535e-02
7.998103648424148560e-02
6.438955664634704590e-02
5.191917344927787781e-02
7.063978910446166992e-02
7.718047499656677246e-02
7.322867214679718018e-02
7.810848206281661987e-02
6.401772052049636841e-02
6.994339078664779663e-02
6.604161113500595093e-02
6.158538535237312317e-02
5.376337841153144836e-02
7.430969923734664917e-02
1.419235467910766602e-01
8.320715278387069702e-02
7.364221662282943726e-02
7.267455011606216431e-02
5.840212479233741760e-02
6.244113668799400330e-02
6.290781497955322266e-02
6.512080132961273193e-02
5.480276793241500854e-02
5.593056231737136841e-02
7.756714522838592529e-02
7.414681464433670044e-02
6.980971992015838623e-02
7.158381491899490356e-02
5.953431129455566406e-02
7.368033379316329956e-02
6.155684217810630798e-02
7.081280648708343506e-02
5.264489352703094482e-02
