5.582540482282638550e-02
6.234319135546684265e-02
7.761315256357192993e-02
6.855928897857666016e-02
7.040394842624664307e-02
7.810034602880477905e-02
7.686048746109008789e-02
5.619752407073974609e-02
6.829523295164108276e-02
1.030720099806785583e-01
9.210444986820220947e-02
8.291473984718322754e-02
8.762195706367492676e-02
8.537617325782775879e-02
7.071225345134735107e-02
7.750447094440460205e-02
9.452593326568603516e-02
7.973027974367141724e-02
8.176375180482864380e-02
8.670287579298019409e-02
8.408523350954055786e-02
6.396421790122985840e-02
6.656254827976226807e-02
1.026460602879524231e-01
8.005770295858383179e-02
8.477110415697097778e-02
9.207401424646377563e-02
8.385254442691802979e-02
6.426936388015747070e-02
7.926467806100845337e-02
1.064101532101631165e-01
9.788057208061218262e-02
9.388010948896408081e-02
9.499834477901458740e-02
8.610984683036804199e-02
5.117828771471977234e-02
5.776110291481018066e-02
7.831812649965286255e-02
6.192250177264213562e-02
6.732554733753204346e-02
7.259702682495117188e-02
6.509810686111450195e-02
5.912411212921142578e-02
6.280812621116638184e-02
7.895120233297348022e-02
6.351066380739212036e-02
7.000848650932312012e-02
7.469485700130462646e-02
7.010564208030700684e-02
5.728239938616752625e-02
6.198682636022567749e-02
7.950337976217269897e-02
6.902150064706802368e-02
7.193934917449951172e-02
7.757633924484252930e-02
7.445364445447921753e-02
5.385289341211318970e-02
5.516774952411651611e-02
7.245408743619918823e-02
6.404993683099746704e-02
6.816841661930084229e-02
8.302012830972671509e-02
7.603956758975982666e-02
5.519036203622817993e-02
6.206776946783065796e-02
8.110259473323822021e-02
7.508911192417144775e-02
7.217949628829956055e-02
7.072629779577255249e-02
6.446187198162078857e-02
5.984655767679214478e-02
7.025094330310821533e-02
8.668395876884460449e-02
7.528317719697952271e-02
7.438878715038299561e-02
8.700759708881378174e-02
7.876154780387878418e-02
6.056429818272590637e-02
6.414922326803207397e-02
8.134620636701583862e-02
6.954559683799743652e-02
7.386140525341033936e-02
8.030723780393600464e-02
8.556269109249114990e-02
5.662873759865760803e-02
6.502001732587814331e-02
8.099174499511718750e-02
7.009746879339218140e-02
7.500742375850677490e-02
8.297494053840637207e-02
7.555470615625381470e-02
6.591387093067169189e-02
6.872215121984481812e-02
8.687321096658706665e-02
7.602937519550323486e-02
8.071873337030410767e-02
8.524079620838165283e-02
8.143422007560729980e-02
6.369452178478240967e-02
7.057569175958633423e-02
8.901695162057876587e-02
7.815560698509216309e-02
8.169252425432205200e-02
9.041828662157058716e-02
8.213672041893005371e-02
5.658695474267005920e-02
5.966915562748908997e-02
8.422189205884933472e-02
7.471189647912979126e-02
7.719928771257400513e-02
8.267721533775329590e-02
7.050793617963790894e-02
6.318035721778869629e-02
6.706713885068893433e-02
8.922617882490158081e-02
7.359048724174499512e-02
7.271430641412734985e-02
8.184882998466491699e-02
7.790269702672958374e-02
6.038063392043113708e-02
6.144240871071815491e-02
7.750322669744491577e-02
6.847254931926727295e-02
7.243958115577697754e-02
7.850278168916702271e-02
7.959206402301788330e-02
6.057079881429672241e-02
7.074932008981704712e-02
8.665153384208679199e-02
8.161535859107971191e-02
8.021263778209686279e-02
8.650203794240951538e-02
7.345668226480484009e-02
5.855130776762962341e-02
6.366261094808578491e-02
8.305083960294723511e-02
7.442521303892135620e-02
7.290005683898925781e-02
7.877276092767715454e-02
7.064327597618103027e-02
5.831360071897506714e-02
6.142364442348480225e-02
7.948243618011474609e-02
6.768929213285446167e-02
6.854870170354843140e-02
7.702850550413131714e-02
7.334826886653900146e-02
6.322331726551055908e-02
6.457667052745819092e-02
8.792860805988311768e-02
7.629723846912384033e-02
8.040873706340789795e-02
8.582977205514907837e-02
9.236504137516021729e-02
6.313843280076980591e-02
6.321775168180465698e-02
7.835824787616729736e-02
6.724015623331069946e-02
7.399760931730270386e-02
7.532927393913269043e-02
1.032702848315238953e-01
5.643153935670852661e-02
6.052201241254806519e-02
8.075189590454101562e-02
7.230856269598007202e-02
7.427824288606643677e-02
8.076741546392440796e-02
7.393721491098403931e-02
6.595065444707870483e-02
6.502902507781982422e-02
7.797068357467651367e-02
7.215648889541625977e-02
8.234442770481109619e-02
8.498660475015640259e-02
8.069998025894165039e-02
6.030463054776191711e-02
6.552455574274063110e-02
8.599846810102462769e-02
7.436788827180862427e-02
8.058900386095046997e-02
8.514700084924697876e-02
7.454050332307815552e-02
5.497169867157936096e-02
5.922412872314453125e-02
8.250357955694198608e-02
6.859377026557922363e-02
7.545197755098342896e-02
8.183206617832183838e-02
7.726951688528060913e-02
5.893274024128913879e-02
6.448888033628463745e-02
8.222179859876632690e-02
6.326761841773986816e-02
7.538428902626037598e-02
7.778137177228927612e-02
7.121898978948593140e-02
5.967046692967414856e-02
6.455605477094650269e-02
8.631480485200881958e-02
7.043514400720596313e-02
7.069325447082519531e-02
7.765389233827590942e-02
7.266017794609069824e-02
5.787602812051773071e-02
6.000393256545066833e-02
7.589764893054962158e-02
6.362936645746231079e-02
6.613197177648544312e-02
7.534388452768325806e-02
7.159094512462615967e-02
5.994511395692825317e-02
6.096258014440536499e-02
7.736779749393463135e-02
6.329202651977539062e-02
6.937740743160247803e-02
8.304823935031890869e-02
9.813136607408523560e-02
6.562084704637527466e-02
7.349594682455062866e-02
9.167916327714920044e-02
7.411780208349227905e-02
7.266182452440261841e-02
9.026823937892913818e-02
9.226949512958526611e-02
5.210406333208084106e-02
6.269581615924835205e-02
6.796310842037200928e-02
5.985169112682342529e-02
7.387182116508483887e-02
7.471334189176559448e-02
7.565242797136306763e-02
5.982436984777450562e-02
6.343254446983337402e-02
8.316037058830261230e-02
7.705090194940567017e-02
8.277369290590286255e-02
9.155235439538955688e-02
8.743190020322799683e-02
6.775806844234466553e-02
7.463273406028747559e-02
8.711147308349609375e-02
7.549819350242614746e-02
8.220913261175155640e-02
9.177931398153305054e-02
9.783089905977249146e-02
5.992311611771583557e-02
7.263063639402389526e-02
9.697926789522171021e-02
7.849229127168655396e-02
7.814858108758926392e-02
9.023555368185043335e-02
8.479133248329162598e-02
6.239331513643264771e-02
6.628715991973876953e-02
9.810187667608261108e-02
7.646628469228744507e-02
7.725486159324645996e-02
8.735658973455429077e-02
7.975244522094726562e-02
6.823714822530746460e-02
6.841402500867843628e-02
1.017066836357116699e-01
7.925477623939514160e-02
9.009480476379394531e-02
9.570270031690597534e-02
8.692606538534164429e-02
5.546105653047561646e-02
6.033262610435485840e-02
8.655403554439544678e-02
6.664367765188217163e-02
6.620947271585464478e-02
7.848816365003585815e-02
8.278094232082366943e-02
6.486348062753677368e-02
8.008630573749542236e-02
1.079885140061378479e-01
8.957637101411819458e-02
8.431234955787658691e-02
9.638243168592453003e-02
8.734753727912902832e-02
5.241787061095237732e-02
6.251726299524307251e-02
7.831763476133346558e-02
6.787579506635665894e-02
6.643398851156234741e-02
7.505615055561065674e-02
7.114641368389129639e-02
5.860723927617073059e-02
6.011148169636726379e-02
7.908126711845397949e-02
6.938704103231430054e-02
7.395137101411819458e-02
7.756011188030242920e-02
7.533146440982818604e-02
6.831485778093338013e-02
6.394205242395401001e-02
8.779892325401306152e-02
6.698991358280181885e-02
7.519890367984771729e-02
8.305246382951736450e-02
8.095095306634902954e-02
5.161080881953239441e-02
5.850974470376968384e-02
7.928919047117233276e-02
6.405953317880630493e-02
6.421824544668197632e-02
7.434765994548797607e-02
7.785343378782272339e-02
6.786135584115982056e-02
6.765045225620269775e-02
8.926939964294433594e-02
7.767625898122787476e-02
8.014229685068130493e-02
9.010148048400878906e-02
8.295709639787673950e-02
6.754858046770095825e-02
8.581966906785964966e-02
1.200449615716934204e-01
1.047076359391212463e-01
9.503778815269470215e-02
1.025826483964920044e-01
8.270271122455596924e-02
8.393438160419464111e-02
8.462074398994445801e-02
1.067061126232147217e-01
9.282875061035156250e-02
9.414932876825332642e-02
1.014619618654251099e-01
8.682793378829956055e-02
6.714846193790435791e-02
7.249443978071212769e-02
9.722004085779190063e-02
8.844994753599166870e-02
8.505031466484069824e-02
9.154621511697769165e-02
7.956884801387786865e-02
8.313867449760437012e-02
9.672170132398605347e-02
1.348216682672500610e-01
1.204141601920127869e-01
1.029893234372138977e-01
1.092448756098747253e-01
8.695498853921890259e-02
6.893599033355712891e-02
7.275740802288055420e-02
8.973283320665359497e-02
7.904992997646331787e-02
8.234959095716476440e-02
9.751015901565551758e-02
9.195425361394882202e-02
5.819481238722801208e-02
6.577242910861968994e-02
8.719507604837417603e-02
7.388420403003692627e-02
7.123541086912155151e-02
7.611178606748580933e-02
7.248309254646301270e-02
7.760728150606155396e-02
7.537514716386795044e-02
8.945725113153457642e-02
8.097911626100540161e-02
8.925406634807586670e-02
9.677043557167053223e-02
8.612959086894989014e-02
6.732884794473648071e-02
8.023265749216079712e-02
1.109012737870216370e-01
9.638575464487075806e-02
8.609739691019058228e-02
9.745731949806213379e-02
8.505342155694961548e-02
6.231797486543655396e-02
6.515989452600479126e-02
9.386849403381347656e-02
7.805286347866058350e-02
7.540512084960937500e-02
8.054475486278533936e-02
7.355564087629318237e-02
6.448805332183837891e-02
6.206745281815528870e-02
7.672932744026184082e-02
6.871315091848373413e-02
7.361759990453720093e-02
7.699716836214065552e-02
7.244072109460830688e-02
6.240648031234741211e-02
6.551758944988250732e-02
8.902987092733383179e-02
7.754255086183547974e-02
8.367028832435607910e-02
8.750999718904495239e-02
8.380287885665893555e-02
6.336908787488937378e-02
6.783793866634368896e-02
9.990368783473968506e-02
1.018301099538803101e-01
1.106769666075706482e-01
1.067270487546920776e-01
8.283562213182449341e-02
6.142249330878257751e-02
7.019226998090744019e-02
8.520170301198959351e-02
7.707226276397705078e-02
7.870734483003616333e-02
8.740620315074920654e-02
8.350673317909240723e-02
7.795114070177078247e-02
7.358079403638839722e-02
9.396455436944961548e-02
8.499078452587127686e-02
9.419830888509750366e-02
1.041224002838134766e-01
9.438699483871459961e-02
5.145529285073280334e-02
5.595010146498680115e-02
6.865873187780380249e-02
6.361024826765060425e-02
6.772825121879577637e-02
7.131070643663406372e-02
6.750398874282836914e-02
5.292674899101257324e-02
5.884800851345062256e-02
7.765696197748184204e-02
6.511253118515014648e-02
6.301996111869812012e-02
7.169969379901885986e-02
6.646426022052764893e-02
6.072936207056045532e-02
6.732869148254394531e-02
9.552893787622451782e-02
8.694917708635330200e-02
8.097736537456512451e-02
8.925667405128479004e-02
7.589170336723327637e-02
6.502153724431991577e-02
7.058946043252944946e-02
9.562663733959197998e-02
8.153241127729415894e-02
8.045645058155059814e-02
8.583246916532516479e-02
7.874088734388351440e-02
6.568988412618637085e-02
7.858497649431228638e-02
9.784281253814697266e-02
8.590885251760482788e-02
8.327370882034301758e-02
1.031470745801925659e-01
9.074322134256362915e-02
6.666427850723266602e-02
6.550899147987365723e-02
7.656505703926086426e-02
7.137806713581085205e-02
7.974055409431457520e-02
8.318852633237838745e-02
7.965241372585296631e-02
6.559948623180389404e-02
6.405799835920333862e-02
8.554457873106002808e-02
7.225573807954788208e-02
7.546503096818923950e-02
8.064877986907958984e-02
8.068387955427169800e-02
7.084166258573532104e-02
7.283186167478561401e-02
1.007833480834960938e-01
8.818703889846801758e-02
8.448042720556259155e-02
1.040375530719757080e-01
9.426768869161605835e-02
5.383510887622833252e-02
5.760433897376060486e-02
7.723800092935562134e-02
6.766430288553237915e-02
7.014600932598114014e-02
7.682520151138305664e-02
6.742527335882186890e-02
6.368006020784378052e-02
6.246398761868476868e-02
8.144579827785491943e-02
7.032891362905502319e-02
6.974576413631439209e-02
7.365886121988296509e-02
7.164219021797180176e-02
5.723277479410171509e-02
6.262213736772537231e-02
9.066203236579895020e-02
7.210458815097808838e-02
7.155644893646240234e-02
7.575417309999465942e-02
7.038924843072891235e-02
5.957380309700965881e-02
6.727685034275054932e-02
9.320518374443054199e-02
7.505230605602264404e-02
7.831896841526031494e-02
8.551538735628128052e-02
7.897486537694931030e-02
7.162144780158996582e-02
7.729567587375640869e-02
1.025458499789237976e-01
8.660254627466201782e-02
8.636379987001419067e-02
9.758105874061584473e-02
8.528111875057220459e-02
6.820045411586761475e-02
6.704626977443695068e-02
9.765072166919708252e-02
7.843617349863052368e-02
8.067546784877777100e-02
8.386941999197006226e-02
7.492019981145858765e-02
6.852762401103973389e-02
8.748727291822433472e-02
1.336457878351211548e-01
1.138834431767463684e-01
1.019452288746833801e-01
1.047790348529815674e-01
8.403823524713516235e-02
8.064791560173034668e-02
9.482640773057937622e-02
1.138374209403991699e-01
1.051099300384521484e-01
1.087836548686027527e-01
1.222804337739944458e-01
1.085344851016998291e-01
5.598287284374237061e-02
5.692697688937187195e-02
7.157014310359954834e-02
7.280084490776062012e-02
7.145534455776214600e-02
7.664551585912704468e-02
6.792505085468292236e-02
6.054080650210380554e-02
6.680852174758911133e-02
7.903777062892913818e-02
7.691214978694915771e-02
7.293689996004104614e-02
8.045659959316253662e-02
7.354157418012619019e-02
5.877425521612167358e-02
5.823341384530067444e-02
6.997802853584289551e-02
7.148271799087524414e-02
7.722731679677963257e-02
8.197028934955596924e-02
7.224902510643005371e-02
5.510266125202178955e-02
5.482581257820129395e-02
6.529998779296875000e-02
6.739766150712966919e-02
6.372879445552825928e-02
6.594604998826980591e-02
6.566487997770309448e-02
5.272803083062171936e-02
5.390799045562744141e-02
6.306329369544982910e-02
6.161854788661003113e-02
6.436669081449508667e-02
6.722670048475265503e-02
6.439080089330673218e-02
