6.717529147863388062e-02
7.934947311878204346e-02
9.950144588947296143e-02
1.204766705632209778e-01
1.088581010699272156e-01
9.438572078943252563e-02
7.676208019256591797e-02
6.240949407219886780e-02
8.708184212446212769e-02
1.187066733837127686e-01
1.492485404014587402e-01
1.917298436164855957e-01
1.521039158105850220e-01
1.268225014209747314e-01
9.808944165706634521e-02
8.446753770112991333e-02
7.973340898752212524e-02
9.555836021900177002e-02
1.262121796607971191e-01
1.607095301151275635e-01
1.428241878747940063e-01
1.212063655257225037e-01
9.440037608146667480e-02
7.864575833082199097e-02
6.922651827335357666e-02
8.295438438653945923e-02
1.025949791073799133e-01
1.176847517490386963e-01
1.019658222794532776e-01
9.328306466341018677e-02
7.609130442142486572e-02
6.393188983201980591e-02
9.534421563148498535e-02
1.200211271643638611e-01
1.342269480228424072e-01
1.613156646490097046e-01
1.306770890951156616e-01
1.183785870671272278e-01
9.800788760185241699e-02
8.800332993268966675e-02
5.916969105601310730e-02
6.989710032939910889e-02
9.041979908943176270e-02
1.015465632081031799e-01
8.973208069801330566e-02
7.935714721679687500e-02
6.652520596981048584e-02
5.644182115793228149e-02
5.897115543484687805e-02
6.704154610633850098e-02
8.801305294036865234e-02
1.149459406733512878e-01
9.750655293464660645e-02
8.452397584915161133e-02
6.898332387208938599e-02
5.936263501644134521e-02
6.559270620346069336e-02
7.937413454055786133e-02
1.048077940940856934e-01
1.186891421675682068e-01
9.739015996456146240e-02
9.089257568120956421e-02
7.560434937477111816e-02
6.005429849028587341e-02
5.337837710976600647e-02
6.431028246879577637e-02
8.588560670614242554e-02
9.875895828008651733e-02
8.810139447450637817e-02
8.159296214580535889e-02
6.785756349563598633e-02
5.773894861340522766e-02
6.493367999792098999e-02
7.319432497024536133e-02
9.005773812532424927e-02
9.685952216386795044e-02
9.023261815309524536e-02
8.436314761638641357e-02
7.641015946865081787e-02
6.111280620098114014e-02
7.076022028923034668e-02
8.310693502426147461e-02
1.051199659705162048e-01
1.263590753078460693e-01
1.032231971621513367e-01
9.675239771604537964e-02
7.531678676605224609e-02
6.373606622219085693e-02
5.986730009317398071e-02
7.037542760372161865e-02
8.710405230522155762e-02
1.116709113121032715e-01
1.233842372894287109e-01
8.268473297357559204e-02
6.914690136909484863e-02
6.051013991236686707e-02
6.713309884071350098e-02
7.968480139970779419e-02
1.015386357903480530e-01
1.249464079737663269e-01
1.158569008111953735e-01
9.774928539991378784e-02
7.551816105842590332e-02
6.484296917915344238e-02
6.372623145580291748e-02
7.852984964847564697e-02
9.529190510511398315e-02
1.137187257409095764e-01
1.098074913024902344e-01
8.770112693309783936e-02
6.982605159282684326e-02
6.080630794167518616e-02
6.689574569463729858e-02
8.302841335535049438e-02
1.011178791522979736e-01
1.271794289350509644e-01
1.122964769601821899e-01
9.570819884538650513e-02
7.612003386020660400e-02
6.082239001989364624e-02
7.123453915119171143e-02
8.807267993688583374e-02
1.145333796739578247e-01
1.468440145254135132e-01
1.225179284811019897e-01
1.096572875976562500e-01
8.427337557077407837e-02
7.171671092510223389e-02
5.978510528802871704e-02
6.913056224584579468e-02
8.915016055107116699e-02
1.002072468400001526e-01
1.019655466079711914e-01
7.800093293190002441e-02
6.796985864639282227e-02
5.815492942929267883e-02
5.997197329998016357e-02
6.941460072994232178e-02
8.719152212142944336e-02
1.008595600724220276e-01
9.811089187860488892e-02
7.866512984037399292e-02
6.941796094179153442e-02
5.862103775143623352e-02
7.054936140775680542e-02
8.173074573278427124e-02
9.729117155075073242e-02
1.035402119159698486e-01
1.374866813421249390e-01
9.177307784557342529e-02
7.975462079048156738e-02
6.653310358524322510e-02
6.623219698667526245e-02
8.392579853534698486e-02
1.013960838317871094e-01
1.211812719702720642e-01
1.069284453988075256e-01
9.888441860675811768e-02
7.766716927289962769e-02
6.451746076345443726e-02
5.242491886019706726e-02
6.221995875239372253e-02
7.736575603485107422e-02
9.252018481492996216e-02
1.092144399881362915e-01
7.594404369592666626e-02
6.540882587432861328e-02
5.029629543423652649e-02
6.328923255205154419e-02
7.563306391239166260e-02
9.042432904243469238e-02
1.050439402461051941e-01
1.359555423259735107e-01
8.556262403726577759e-02
7.361234724521636963e-02
5.550952255725860596e-02
6.285585463047027588e-02
6.817961484193801880e-02
8.991403877735137939e-02
1.048255413770675659e-01
1.216142028570175171e-01
8.551663905382156372e-02
7.921265810728073120e-02
6.282247602939605713e-02
6.106353178620338440e-02
7.125107198953628540e-02
8.838675171136856079e-02
1.075151860713958740e-01
1.159944087266921997e-01
7.728749513626098633e-02
7.048873603343963623e-02
5.987862497568130493e-02
6.273210048675537109e-02
7.233025133609771729e-02
8.783257752656936646e-02
1.071161702275276184e-01
1.025761887431144714e-01
9.064596891403198242e-02
7.855308800935745239e-02
6.299743801355361938e-02
6.257320195436477661e-02
7.650899887084960938e-02
8.709768950939178467e-02
1.024079695343971252e-01
1.017166078090667725e-01
8.527783304452896118e-02
7.911164313554763794e-02
6.397552043199539185e-02
5.395366623997688293e-02
6.519392132759094238e-02
8.253356069326400757e-02
9.989036619663238525e-02
8.490598946809768677e-02
7.560373097658157349e-02
6.693810224533081055e-02
5.613043159246444702e-02
5.979245156049728394e-02
6.407888233661651611e-02
8.255860954523086548e-02
1.005165725946426392e-01
8.284952491521835327e-02
7.567685842514038086e-02
7.108770310878753662e-02
6.131396815180778503e-02
6.172900274395942688e-02
7.627027481794357300e-02
9.384953975677490234e-02
1.210024356842041016e-01
1.081016212701797485e-01
8.554174005985260010e-02
7.268901914358139038e-02
5.511046946048736572e-02
5.322720855474472046e-02
6.643905490636825562e-02
8.988014608621597290e-02
1.152039244771003723e-01
1.036545485258102417e-01
8.031874150037765503e-02
6.539984792470932007e-02
5.771781131625175476e-02
5.981888994574546814e-02
6.595369428396224976e-02
8.188231289386749268e-02
9.970663487911224365e-02
8.747819811105728149e-02
7.558336108922958374e-02
7.366445660591125488e-02
5.986728146672248840e-02
6.744822859764099121e-02
7.741799950599670410e-02
9.963382780551910400e-02
1.070112958550453186e-01
9.747404605150222778e-02
8.593001216650009155e-02
7.421592622995376587e-02
6.374654173851013184e-02
5.319310724735260010e-02
6.384563446044921875e-02
8.003176003694534302e-02
9.490950405597686768e-02
9.722606837749481201e-02
7.329136878252029419e-02
6.437391042709350586e-02
5.260797590017318726e-02
6.692967563867568970e-02
9.772115200757980347e-02
1.030633524060249329e-01
1.142782270908355713e-01
1.077841818332672119e-01
8.434467762708663940e-02
7.525380700826644897e-02
6.577242165803909302e-02
5.807807296514511108e-02
7.565855979919433594e-02
9.226035326719284058e-02
1.157374829053878784e-01
1.126929819583892822e-01
8.584827184677124023e-02
6.707333028316497803e-02
5.778310075402259827e-02
7.497267425060272217e-02
1.000302135944366455e-01
1.163264736533164978e-01
1.333853751420974731e-01
1.201419159770011902e-01
1.107714846730232239e-01
8.616002649068832397e-02
7.504893839359283447e-02
5.453813448548316956e-02
6.507853418588638306e-02
8.655446022748947144e-02
1.065596491098403931e-01
9.905795753002166748e-02
7.448802888393402100e-02
5.709312856197357178e-02
4.989130049943923950e-02
6.559644639492034912e-02
8.077263087034225464e-02
9.424725174903869629e-02
1.078808456659317017e-01
1.154871359467506409e-01
8.465202897787094116e-02
6.922801584005355835e-02
5.893944203853607178e-02
5.336879938840866089e-02
6.524914503097534180e-02
7.999765872955322266e-02
9.342205524444580078e-02
8.649866282939910889e-02
7.530785351991653442e-02
6.605930626392364502e-02
5.277489125728607178e-02
9.009123593568801880e-02
1.112417355179786682e-01
1.305493414402008057e-01
1.510499715805053711e-01
1.372982412576675415e-01
1.135645136237144470e-01
8.867334574460983276e-02
7.884016633033752441e-02
6.014767289161682129e-02
7.210025936365127563e-02
9.688150137662887573e-02
1.080894470214843750e-01
1.096756979823112488e-01
9.440428763628005981e-02
7.737292349338531494e-02
6.110377237200737000e-02
5.332269147038459778e-02
5.939786508679389954e-02
9.133235365152359009e-02
1.089005321264266968e-01
1.263578534126281738e-01
8.933078497648239136e-02
6.287790089845657349e-02
5.333032086491584778e-02
5.770715326070785522e-02
6.849555671215057373e-02
8.372284471988677979e-02
1.005764901638031006e-01
1.152350679039955139e-01
8.645719289779663086e-02
6.977070122957229614e-02
5.443561077117919922e-02
5.754822492599487305e-02
6.847386062145233154e-02
8.539398759603500366e-02
1.030877456068992615e-01
9.455560892820358276e-02
7.784771919250488281e-02
7.187325507402420044e-02
5.650971829891204834e-02
5.662161484360694885e-02
6.948687136173248291e-02
7.803040742874145508e-02
9.345128387212753296e-02
8.493766188621520996e-02
7.278767973184585571e-02
6.671946495771408081e-02
5.665122717618942261e-02
1.014681160449981689e-01
1.310191154479980469e-01
1.476835161447525024e-01
1.689533144235610962e-01
1.420196741819381714e-01
1.304825544357299805e-01
1.056315377354621887e-01
9.476213902235031128e-02
8.401243388652801514e-02
1.013408154249191284e-01
1.166405975818634033e-01
1.333177536725997925e-01
1.142621263861656189e-01
1.053023785352706909e-01
8.228625357151031494e-02
7.411884516477584839e-02
8.529511094093322754e-02
1.094586849212646484e-01
1.323304027318954468e-01
1.397151201963424683e-01
1.211718246340751648e-01
1.122272014617919922e-01
8.740234375000000000e-02
7.523947209119796753e-02
1.382421702146530151e-01
1.777428984642028809e-01
2.042886465787887573e-01
2.244009226560592651e-01
1.891857087612152100e-01
1.764742583036422729e-01
1.364430785179138184e-01
1.174499318003654480e-01
8.041654527187347412e-02
1.038506180047988892e-01
1.314511895179748535e-01
1.721412688493728638e-01
1.413010656833648682e-01
1.167240142822265625e-01
8.778645843267440796e-02
7.298424839973449707e-02
7.019840180873870850e-02
8.495489507913589478e-02
1.098492667078971863e-01
1.301507204771041870e-01
1.384575068950653076e-01
1.052511110901832581e-01
8.674899488687515259e-02
6.793563067913055420e-02
8.381405472755432129e-02
9.921709448099136353e-02
1.252450942993164062e-01
1.564716249704360962e-01
1.375156491994857788e-01
1.164768189191818237e-01
9.670092165470123291e-02
7.991315424442291260e-02
1.106237769126892090e-01
1.428530514240264893e-01
1.803383678197860718e-01
2.303189784288406372e-01
1.907134950160980225e-01
1.651210933923721313e-01
1.175786852836608887e-01
9.629326313734054565e-02
6.488483399152755737e-02
8.402273803949356079e-02
1.275119930505752563e-01
1.456014364957809448e-01
1.194727271795272827e-01
9.804216772317886353e-02
7.361235469579696655e-02
5.657456070184707642e-02
5.580698326230049133e-02
6.642297655344009399e-02
8.211105316877365112e-02
9.892085939645767212e-02
1.032873690128326416e-01
7.927592843770980835e-02
6.191200390458106995e-02
5.046128854155540466e-02
7.187920063734054565e-02
9.942526370286941528e-02
1.194320768117904663e-01
1.502933800220489502e-01
1.304280012845993042e-01
1.070377454161643982e-01
8.463069796562194824e-02
6.458145380020141602e-02
8.048135787248611450e-02
1.097239553928375244e-01
1.169785335659980774e-01
1.300048232078552246e-01
1.401618570089340210e-01
1.034667417407035828e-01
9.088651090860366821e-02
7.864613831043243408e-02
6.336583197116851807e-02
7.922966778278350830e-02
1.093066558241844177e-01
1.390795111656188965e-01
1.419432312250137329e-01
9.814953804016113281e-02
6.462213397026062012e-02
5.564677342772483826e-02
7.559571415185928345e-02
9.728084504604339600e-02
1.160550415515899658e-01
1.325819194316864014e-01
1.295280456542968750e-01
1.060870140790939331e-01
7.721104472875595093e-02
6.515402346849441528e-02
6.101994216442108154e-02
6.650037318468093872e-02
9.054397046566009521e-02
1.028750166296958923e-01
1.065672412514686584e-01
9.160462021827697754e-02
8.232809603214263916e-02
6.458964943885803223e-02
7.290232926607131958e-02
8.454281836748123169e-02
1.012087091803550720e-01
1.150463819503784180e-01
1.137312874197959900e-01
1.057566702365875244e-01
7.965186238288879395e-02
6.431911885738372803e-02
8.460003137588500977e-02
1.094836443662643433e-01
1.418886631727218628e-01
1.738339662551879883e-01
1.383741050958633423e-01
1.175637021660804749e-01
8.249437063932418823e-02
7.548183202743530273e-02
8.541820943355560303e-02
1.233893558382987976e-01
1.573234796524047852e-01
2.054776102304458618e-01
1.626812964677810669e-01
1.371255815029144287e-01
9.938333928585052490e-02
8.036815375089645386e-02
8.347140252590179443e-02
1.036134213209152222e-01
1.192374601960182190e-01
1.394510418176651001e-01
1.238661184906959534e-01
1.175481230020523071e-01
8.879431337118148804e-02
8.042023330926895142e-02
6.167362257838249207e-02
7.735262811183929443e-02
9.186094999313354492e-02
1.122365295886993408e-01
1.079469621181488037e-01
8.964264392852783203e-02
7.802585512399673462e-02
6.576647609472274780e-02
6.577199697494506836e-02
7.758096605539321899e-02
8.703563362360000610e-02
9.918391704559326172e-02
9.577652066946029663e-02
9.127667546272277832e-02
8.490150421857833862e-02
7.235150784254074097e-02
9.361530095338821411e-02
1.213656812906265259e-01
1.384822428226470947e-01
1.624434590339660645e-01
1.338406950235366821e-01
1.284480541944503784e-01
9.596855193376541138e-02
8.447201550006866455e-02
6.322476267814636230e-02
7.482941448688507080e-02
8.519486337900161743e-02
9.860669821500778198e-02
8.555132150650024414e-02
8.131562918424606323e-02
6.699541956186294556e-02
5.944978818297386169e-02
7.013038545846939087e-02
8.463212102651596069e-02
1.011499613523483276e-01
1.221399679780006409e-01
1.110981404781341553e-01
1.027244403958320618e-01
7.935304194688796997e-02
6.930011510848999023e-02
7.573506236076354980e-02
8.296319842338562012e-02
1.006426438689231873e-01
1.162710338830947876e-01
1.137971282005310059e-01
1.041787937283515930e-01
9.007912874221801758e-02
7.718660682439804077e-02
6.438645720481872559e-02
8.157794177532196045e-02
8.771912008523941040e-02
1.092142760753631592e-01
1.239772140979766846e-01
8.446252346038818359e-02
7.902727276086807251e-02
6.792153418064117432e-02
8.443409204483032227e-02
1.053411513566970825e-01
1.168273612856864929e-01
1.326758265495300293e-01
1.194493994116783142e-01
1.108458861708641052e-01
8.925812691450119019e-02
7.763205468654632568e-02
7.790269702672958374e-02
9.522792696952819824e-02
1.108827590942382812e-01
1.333628594875335693e-01
1.089433729648590088e-01
9.665139019489288330e-02
7.977696508169174194e-02
7.486167550086975098e-02
1.085423901677131653e-01
1.377993673086166382e-01
1.483528763055801392e-01
1.671351939439773560e-01
1.425892561674118042e-01
1.404319703578948975e-01
1.078414022922515869e-01
9.602680802345275879e-02
7.680507749319076538e-02
1.025934815406799316e-01
1.236457601189613342e-01
1.483547389507293701e-01
1.364046335220336914e-01
1.075960323214530945e-01
8.707807958126068115e-02
7.604341208934783936e-02
6.787946820259094238e-02
8.335359394550323486e-02
9.793711453676223755e-02
1.096521615982055664e-01
1.013987734913825989e-01
9.361936151981353760e-02
7.971988618373870850e-02
6.757356226444244385e-02
8.555258065462112427e-02
1.061947643756866455e-01
1.306106001138687134e-01
1.476757228374481201e-01
1.726575344800949097e-01
1.408245563507080078e-01
9.532869607210159302e-02
7.953754067420959473e-02
5.839058384299278259e-02
7.224648445844650269e-02
8.559947460889816284e-02
9.485170245170593262e-02
9.314902871847152710e-02
7.923464477062225342e-02
6.652314215898513794e-02
5.930534750223159790e-02
5.672917515039443970e-02
6.521864235401153564e-02
8.093827217817306519e-02
9.361234307289123535e-02
8.993396162986755371e-02
8.351262658834457397e-02
6.591966748237609863e-02
5.635077878832817078e-02
5.646952614188194275e-02
6.790999323129653931e-02
8.410224318504333496e-02
9.773162007331848145e-02
1.209630295634269714e-01
9.322107583284378052e-02
6.361648440361022949e-02
5.705225095152854919e-02
