9.830343723297119141e-02
1.380386352539062500e-01
1.484637111425399780e-01
1.686616390943527222e-01
1.929447650909423828e-01
1.408771276473999023e-01
1.153104230761528015e-01
1.130567267537117004e-01
1.410219967365264893e-01
1.867346614599227905e-01
1.673409640789031982e-01
1.378571540117263794e-01
1.163657307624816895e-01
1.374177932739257812e-01
1.609025597572326660e-01
1.810577809810638428e-01
1.844466030597686768e-01
1.490266174077987671e-01
7.599346339702606201e-02
1.176219955086708069e-01
1.380518972873687744e-01
1.496083289384841919e-01
1.685411483049392700e-01
1.218093410134315491e-01
9.232061356306076050e-02
1.154327839612960815e-01
1.396531760692596436e-01
1.712403595447540283e-01
1.766249388456344604e-01
1.433439999818801880e-01
6.426014006137847900e-02
9.860895574092864990e-02
1.064698025584220886e-01
1.316200792789459229e-01
1.465928107500076294e-01
1.018185839056968689e-01
4.847371578216552734e-02
7.751208543777465820e-02
9.367229044437408447e-02
1.256597638130187988e-01
1.304711848497390747e-01
9.040225297212600708e-02
7.119479030370712280e-02
7.783523947000503540e-02
9.036197513341903687e-02
1.270700395107269287e-01
1.291596293449401855e-01
1.013393029570579529e-01
7.033957540988922119e-02
8.378721028566360474e-02
9.443751722574234009e-02
1.399951279163360596e-01
1.353967785835266113e-01
1.082138791680335999e-01
7.464621961116790771e-02
1.011463850736618042e-01
1.206479594111442566e-01
1.218484193086624146e-01
1.230664849281311035e-01
9.552197903394699097e-02
7.165849208831787109e-02
8.342137932777404785e-02
1.160568222403526306e-01
1.282110065221786499e-01
1.088672950863838196e-01
9.034294635057449341e-02
6.725507974624633789e-02
1.001813113689422607e-01
1.296124160289764404e-01
1.290587037801742554e-01
1.230495795607566833e-01
8.834024518728256226e-02
7.043995708227157593e-02
9.106837213039398193e-02
1.117036044597625732e-01
1.181319281458854675e-01
1.109715625643730164e-01
8.700592815876007080e-02
7.846947759389877319e-02
1.021221056580543518e-01
1.225055381655693054e-01
1.166840642690658569e-01
1.188293248414993286e-01
9.750413894653320312e-02
8.062373101711273193e-02
1.275073438882827759e-01
1.864890754222869873e-01
1.838862597942352295e-01
1.569888442754745483e-01
1.143054664134979248e-01
7.693524658679962158e-02
1.085979416966438293e-01
1.479207575321197510e-01
1.482590883970260620e-01
1.307420879602432251e-01
1.185881197452545166e-01
8.650603890419006348e-02
1.344458758831024170e-01
1.934224516153335571e-01
1.590129137039184570e-01
1.346526890993118286e-01
1.191588714718818665e-01
7.128153741359710693e-02
9.338935464620590210e-02
1.214477345347404480e-01
1.186902895569801331e-01
1.174960210919380188e-01
8.934057503938674927e-02
6.770867109298706055e-02
9.790733456611633301e-02
1.239033415913581848e-01
1.270967423915863037e-01
1.318480521440505981e-01
1.204741448163986206e-01
7.707245647907257080e-02
9.662320464849472046e-02
1.184147968888282776e-01
1.245848312973976135e-01
1.263550519943237305e-01
1.417300403118133545e-01
6.444028019905090332e-02
9.533210843801498413e-02
1.273057758808135986e-01
1.296985000371932983e-01
1.300054788589477539e-01
1.111342981457710266e-01
6.074235960841178894e-02
9.107530117034912109e-02
1.174105778336524963e-01
1.074780672788619995e-01
1.093965545296669006e-01
1.186025962233543396e-01
7.559507340192794800e-02
1.016614958643913269e-01
1.529490053653717041e-01
1.565176993608474731e-01
1.571960300207138062e-01
1.274193972349166870e-01
8.156878501176834106e-02
1.099912226200103760e-01
1.840258538722991943e-01
2.017906159162521362e-01
1.564981788396835327e-01
1.181145757436752319e-01
6.328632682561874390e-02
7.989580184221267700e-02
1.043333932757377625e-01
1.135558187961578369e-01
1.020625680685043335e-01
8.514134585857391357e-02
6.591749936342239380e-02
7.891917973756790161e-02
9.737867116928100586e-02
1.076320484280586243e-01
1.049877777695655823e-01
9.600533545017242432e-02
5.619395896792411804e-02
7.452422380447387695e-02
8.580251783132553101e-02
1.055306568741798401e-01
1.078576594591140747e-01
1.043551489710807800e-01
6.756678223609924316e-02
8.325708657503128052e-02
1.121282130479812622e-01
1.174247860908508301e-01
1.080613583326339722e-01
9.346184134483337402e-02
7.168930768966674805e-02
9.468185156583786011e-02
1.165482327342033386e-01
1.589198112487792969e-01
1.345686316490173340e-01
1.037583202123641968e-01
7.138957828283309937e-02
8.689958602190017700e-02
1.048974469304084778e-01
1.194648295640945435e-01
1.194010078907012939e-01
1.140680313110351562e-01
6.274076551198959351e-02
7.582025229930877686e-02
9.381719678640365601e-02
9.890548884868621826e-02
9.089712798595428467e-02
7.806120067834854126e-02
6.915044784545898438e-02
8.853460103273391724e-02
1.232664361596107483e-01
1.302471607923507690e-01
1.259320527315139771e-01
1.078634038567543030e-01
6.187843158841133118e-02
8.011545240879058838e-02
9.107595682144165039e-02
1.102268695831298828e-01
1.211876124143600464e-01
1.168768852949142456e-01
6.587608158588409424e-02
8.309257030487060547e-02
9.583824872970581055e-02
1.054265126585960388e-01
1.026481240987777710e-01
8.971323072910308838e-02
6.217119470238685608e-02
7.511311024427413940e-02
8.857184648513793945e-02
9.311702102422714233e-02
9.929788112640380859e-02
8.372786641120910645e-02
7.625847309827804565e-02
8.363652229309082031e-02
1.110904514789581299e-01
1.177451610565185547e-01
1.080131158232688904e-01
1.053556650876998901e-01
6.542260199785232544e-02
8.772723376750946045e-02
1.207563206553459167e-01
1.229491904377937317e-01
1.239639446139335632e-01
9.874014556407928467e-02
7.331193238496780396e-02
8.336985111236572266e-02
1.169980838894844055e-01
1.160762980580329895e-01
1.123376190662384033e-01
9.169411659240722656e-02
6.866469234228134155e-02
9.151929616928100586e-02
1.106672212481498718e-01
1.110577061772346497e-01
1.028834208846092224e-01
8.337870240211486816e-02
6.959511339664459229e-02
1.018007248640060425e-01
1.202733442187309265e-01
1.394919604063034058e-01
1.566200405359268188e-01
1.210956200957298279e-01
6.447628885507583618e-02
9.902124851942062378e-02
1.281008422374725342e-01
1.253772079944610596e-01
1.382789611816406250e-01
1.025334075093269348e-01
6.213645637035369873e-02
9.029484540224075317e-02
1.341834068298339844e-01
1.512220054864883423e-01
1.339767575263977051e-01
1.102510765194892883e-01
7.680062204599380493e-02
1.106385961174964905e-01
1.427489966154098511e-01
1.838047206401824951e-01
1.661496311426162720e-01
1.318607181310653687e-01
6.907351315021514893e-02
1.039424464106559753e-01
1.135164499282836914e-01
1.188190579414367676e-01
1.237611994147300720e-01
1.112871393561363220e-01
7.669694721698760986e-02
1.087397336959838867e-01
1.712069660425186157e-01
1.510061472654342651e-01
1.233662366867065430e-01
9.779540449380874634e-02
9.880135953426361084e-02
1.158441603183746338e-01
1.366255879402160645e-01
1.477487236261367798e-01
1.489015072584152222e-01
1.454121768474578857e-01
9.249223768711090088e-02
1.166922524571418762e-01
1.391866356134414673e-01
1.540156900882720947e-01
1.398725211620330811e-01
1.321057826280593872e-01
1.036844924092292786e-01
1.230559647083282471e-01
1.398582011461257935e-01
1.463897526264190674e-01
1.495235711336135864e-01
1.412138640880584717e-01
1.546270996332168579e-01
2.027637809514999390e-01
2.353159189224243164e-01
2.428899109363555908e-01
2.325518429279327393e-01
1.845131814479827881e-01
1.010414585471153259e-01
1.196044906973838806e-01
1.348987072706222534e-01
1.347916871309280396e-01
1.374300718307495117e-01
1.264743804931640625e-01
8.618920296430587769e-02
1.023743376135826111e-01
1.112774312496185303e-01
1.163424476981163025e-01
1.183269470930099487e-01
1.126480996608734131e-01
9.424293786287307739e-02
1.161323860287666321e-01
1.274086982011795044e-01
1.374851614236831665e-01
1.384828835725784302e-01
1.234777122735977173e-01
1.130340546369552612e-01
1.666530668735504150e-01
2.037453204393386841e-01
2.560198903083801270e-01
2.134775221347808838e-01
1.486243009567260742e-01
1.181620880961418152e-01
1.388747692108154297e-01
1.864771395921707153e-01
1.891576945781707764e-01
1.389794498682022095e-01
1.165773198008537292e-01
6.571929156780242920e-02
9.506193548440933228e-02
1.154658272862434387e-01
1.387469321489334106e-01
1.078966483473777771e-01
7.960114628076553345e-02
1.027238517999649048e-01
1.619308590888977051e-01
2.209051847457885742e-01
2.816271483898162842e-01
2.165783196687698364e-01
1.187501922249794006e-01
8.181045204401016235e-02
1.478780508041381836e-01
2.250644415616989136e-01
2.382316589355468750e-01
2.014234364032745361e-01
9.810129553079605103e-02
7.723133265972137451e-02
1.206882223486900330e-01
1.596637368202209473e-01
1.653468161821365356e-01
1.606897115707397461e-01
1.289608031511306763e-01
6.838463246822357178e-02
1.099736243486404419e-01
1.114875003695487976e-01
1.379589736461639404e-01
1.358543038368225098e-01
1.192252188920974731e-01
6.850719451904296875e-02
1.010113656520843506e-01
1.069408580660820007e-01
1.186161413788795471e-01
1.212724447250366211e-01
1.237949207425117493e-01
6.933541595935821533e-02
9.634649008512496948e-02
9.511427581310272217e-02
1.154738515615463257e-01
1.369011700153350830e-01
1.548286825418472290e-01
8.936128765344619751e-02
1.112717241048812866e-01
1.327929049730300903e-01
1.360109299421310425e-01
1.375196874141693115e-01
1.362888514995574951e-01
8.058388531208038330e-02
1.102875247597694397e-01
1.234145984053611755e-01
1.310579180717468262e-01
1.366137415170669556e-01
1.393866091966629028e-01
8.496635407209396362e-02
1.184929683804512024e-01
1.292984634637832642e-01
1.453240662813186646e-01
1.530724912881851196e-01
1.539636105298995972e-01
7.917857915163040161e-02
9.733382612466812134e-02
1.136327236890792847e-01
1.322872936725616455e-01
1.317878663539886475e-01
1.377326697111129761e-01
9.087279438972473145e-02
1.159972548484802246e-01
1.293705850839614868e-01
1.425650864839553833e-01
1.415430009365081787e-01
1.352117806673049927e-01
9.948065131902694702e-02
1.309974789619445801e-01
1.387799978256225586e-01
1.423670053482055664e-01
1.894241869449615479e-01
1.859708130359649658e-01
8.546975255012512207e-02
1.132697984576225281e-01
1.504300981760025024e-01
1.348775327205657959e-01
1.195487082004547119e-01
1.294519156217575073e-01
8.474123477935791016e-02
1.243564635515213013e-01
1.619334518909454346e-01
1.537753343582153320e-01
1.462042927742004395e-01
1.260150820016860962e-01
7.574990391731262207e-02
1.014010980725288391e-01
1.229658573865890503e-01
1.412242949008941650e-01
1.348107904195785522e-01
1.162174269556999207e-01
8.314540237188339233e-02
1.153749898076057434e-01
1.335053443908691406e-01
1.410658508539199829e-01
1.498888432979583740e-01
1.308444142341613770e-01
7.848969846963882446e-02
1.095989719033241272e-01
1.285539865493774414e-01
1.381876319646835327e-01
1.442007571458816528e-01
1.223317235708236694e-01
7.620807737112045288e-02
1.232117265462875366e-01
1.600022315979003906e-01
1.726000010967254639e-01
1.559311002492904663e-01
1.064344421029090881e-01
1.321346908807754517e-01
1.760164648294448853e-01
2.117240577936172485e-01
2.179028093814849854e-01
2.060725241899490356e-01
1.737454682588577271e-01
9.205332398414611816e-02
1.015368774533271790e-01
1.224982142448425293e-01
1.293318569660186768e-01
1.295258700847625732e-01
9.879312664270401001e-02
9.033638983964920044e-02
1.098116263747215271e-01
1.198149472475051880e-01
1.309215128421783447e-01
1.189027354121208191e-01
1.261812001466751099e-01
7.845418900251388550e-02
1.038544625043869019e-01
1.030218079686164856e-01
1.090706288814544678e-01
1.047734990715980530e-01
1.040879040956497192e-01
7.972945272922515869e-02
1.077369526028633118e-01
1.320417225360870361e-01
1.211552545428276062e-01
9.911972284317016602e-02
9.469988197088241577e-02
6.433383375406265259e-02
8.485081791877746582e-02
8.923655748367309570e-02
9.845866262912750244e-02
9.336841851472854614e-02
9.055420756340026855e-02
6.794181466102600098e-02
8.431221544742584229e-02
1.020858660340309143e-01
1.051010414958000183e-01
9.942860901355743408e-02
9.533070027828216553e-02
