1.154460832476615906e-01
1.157490387558937073e-01
8.554372191429138184e-02
8.299497514963150024e-02
1.077464520931243896e-01
1.110413223505020142e-01
8.933804184198379517e-02
1.452626883983612061e-01
1.444884687662124634e-01
1.143656149506568909e-01
1.039397493004798889e-01
1.424740701913833618e-01
1.378439366817474365e-01
1.157507300376892090e-01
1.168285310268402100e-01
1.202713027596473694e-01
9.260650724172592163e-02
9.142360836267471313e-02
1.129796281456947327e-01
1.127927079796791077e-01
9.664239734411239624e-02
1.218487396836280823e-01
1.210789158940315247e-01
8.887684345245361328e-02
9.293829649686813354e-02
1.198954656720161438e-01
1.199719905853271484e-01
9.559513628482818604e-02
1.776029020547866821e-01
1.604303717613220215e-01
1.256705820560455322e-01
1.550841480493545532e-01
1.652212888002395630e-01
1.631797701120376587e-01
1.318009644746780396e-01
9.277316182851791382e-02
9.470344334840774536e-02
7.460378855466842651e-02
7.331039011478424072e-02
9.083890914916992188e-02
9.004005789756774902e-02
7.625941187143325806e-02
9.109335392713546753e-02
8.740777522325515747e-02
6.845799833536148071e-02
6.551016122102737427e-02
8.244344592094421387e-02
8.372447639703750610e-02
7.150289416313171387e-02
1.008438766002655029e-01
9.888733178377151489e-02
8.050874620676040649e-02
7.822548598051071167e-02
9.835153818130493164e-02
9.826792776584625244e-02
8.483798801898956299e-02
7.933513820171356201e-02
8.921537548303604126e-02
6.244294345378875732e-02
6.152822822332382202e-02
7.970057427883148193e-02
8.179097622632980347e-02
6.769482791423797607e-02
1.007526665925979614e-01
1.014207154512405396e-01
7.589431107044219971e-02
7.153704017400741577e-02
9.971029311418533325e-02
1.019381061196327209e-01
8.548785001039505005e-02
1.115377843379974365e-01
1.050932109355926514e-01
8.358258008956909180e-02
8.155921846628189087e-02
1.071319356560707092e-01
1.061931252479553223e-01
9.426333755254745483e-02
9.128366410732269287e-02
9.208784997463226318e-02
7.158212363719940186e-02
6.849851459264755249e-02
8.968053013086318970e-02
9.127188473939895630e-02
7.888566702604293823e-02
1.081004887819290161e-01
1.030070409178733826e-01
8.174960315227508545e-02
8.160088956356048584e-02
1.024661958217620850e-01
9.980278462171554565e-02
8.571319282054901123e-02
1.108056902885437012e-01
9.849994629621505737e-02
7.906562089920043945e-02
9.640977531671524048e-02
1.082670390605926514e-01
1.118528619408607483e-01
1.003686413168907166e-01
1.183289065957069397e-01
1.085388213396072388e-01
8.493752032518386841e-02
8.412858098745346069e-02
1.138313785195350647e-01
1.109594330191612244e-01
9.130915254354476929e-02
1.201701685786247253e-01
1.190868243575096130e-01
9.360381960868835449e-02
9.590852260589599609e-02
1.168122515082359314e-01
1.176753267645835876e-01
1.017846316099166870e-01
1.047144457697868347e-01
9.785951673984527588e-02
7.719247043132781982e-02
7.478324323892593384e-02
1.058032289147377014e-01
1.057560592889785767e-01
9.053491801023483276e-02
1.006483957171440125e-01
9.573303908109664917e-02
7.240699231624603271e-02
7.378288358449935913e-02
9.411712735891342163e-02
9.160667657852172852e-02
8.115284144878387451e-02
1.143855676054954529e-01
1.036237329244613647e-01
8.819688856601715088e-02
9.097771346569061279e-02
1.145346835255622864e-01
1.097919493913650513e-01
9.357246011495590210e-02
1.130165010690689087e-01
1.074826568365097046e-01
8.339558541774749756e-02
8.358863741159439087e-02
1.104195117950439453e-01
1.093672439455986023e-01
9.238309413194656372e-02
8.925956487655639648e-02
8.467057347297668457e-02
6.389625370502471924e-02
6.610094755887985229e-02
8.795827627182006836e-02
8.564706891775131226e-02
7.155166566371917725e-02
1.100699082016944885e-01
1.013103052973747253e-01
7.950754463672637939e-02
8.081758767366409302e-02
1.081322431564331055e-01
1.060145571827888489e-01
8.848231285810470581e-02
1.019817665219306946e-01
9.781454503536224365e-02
7.506900280714035034e-02
7.653748244047164917e-02
1.009704992175102234e-01
9.763409197330474854e-02
7.655050605535507202e-02
1.104023009538650513e-01
9.778811782598495483e-02
7.836530357599258423e-02
7.373555749654769897e-02
1.057190150022506714e-01
9.943162649869918823e-02
7.996264100074768066e-02
9.769136458635330200e-02
9.160126745700836182e-02
7.334718108177185059e-02
7.969870418310165405e-02
9.308403730392456055e-02
8.912561088800430298e-02
7.770879566669464111e-02
1.087297946214675903e-01
1.021072939038276672e-01
8.167900145053863525e-02
8.561795949935913086e-02
1.035528928041458130e-01
1.010534167289733887e-01
8.625645190477371216e-02
9.642549604177474976e-02
8.582922816276550293e-02
6.729590147733688354e-02
7.558877021074295044e-02
9.479070454835891724e-02
9.394969791173934937e-02
7.798875868320465088e-02
9.402780979871749878e-02
8.634000271558761597e-02
6.693475693464279175e-02
6.496610492467880249e-02
8.717893809080123901e-02
8.592274785041809082e-02
7.358334213495254517e-02
1.062679961323738098e-01
1.010486558079719543e-01
7.767546921968460083e-02
7.740660756826400757e-02
1.003108695149421692e-01
1.020742729306221008e-01
8.039662986993789673e-02
1.014023423194885254e-01
9.195513278245925903e-02
6.956130266189575195e-02
6.830744445323944092e-02
9.158105403184890747e-02
9.011490643024444580e-02
7.552442699670791626e-02
9.367999434471130371e-02
8.428249508142471313e-02
6.418456137180328369e-02
6.545523554086685181e-02
8.603437244892120361e-02
8.126574009656906128e-02
7.014278322458267212e-02
1.104847341775894165e-01
1.053329259157180786e-01
8.124750852584838867e-02
8.251098543405532837e-02
1.091543510556221008e-01
1.107845976948738098e-01
9.347952902317047119e-02
9.538067132234573364e-02
8.786435425281524658e-02
6.781232357025146484e-02
6.957558542490005493e-02
8.593036979436874390e-02
9.557785838842391968e-02
6.769517064094543457e-02
1.045631021261215210e-01
1.161123663187026978e-01
8.879665285348892212e-02
8.656746894121170044e-02
1.085229441523551941e-01
1.109629049897193909e-01
9.681395441293716431e-02
1.079479679465293884e-01
1.000401526689529419e-01
7.605435699224472046e-02
7.292772829532623291e-02
9.988228976726531982e-02
1.097142919898033142e-01
8.364469558000564575e-02
1.241299659013748169e-01
1.247611120343208313e-01
9.914434701204299927e-02
9.637550264596939087e-02
1.244260892271995544e-01
1.275584250688552856e-01
1.051606759428977966e-01
1.090672984719276428e-01
8.879489451646804810e-02
7.079738378524780273e-02
7.185858488082885742e-02
1.032527461647987366e-01
1.010061651468276978e-01
7.976746559143066406e-02
1.098428443074226379e-01
1.066766083240509033e-01
8.465778827667236328e-02
8.089523762464523315e-02
1.057666614651679993e-01
1.256101727485656738e-01
9.179817140102386475e-02
9.369883686304092407e-02
9.009613096714019775e-02
6.924688071012496948e-02
6.458219140768051147e-02
9.079840779304504395e-02
9.033437818288803101e-02
7.426732033491134644e-02
1.403154730796813965e-01
1.401294171810150146e-01
1.166700795292854309e-01
1.070673093199729919e-01
1.381185650825500488e-01
1.439657509326934814e-01
1.187724918127059937e-01
8.905488997697830200e-02
8.953078091144561768e-02
6.950107961893081665e-02
6.407199800014495850e-02
8.444686979055404663e-02
9.268315881490707397e-02
7.213802635669708252e-02
9.198173880577087402e-02
7.674820721149444580e-02
6.314241886138916016e-02
7.415334880352020264e-02
8.977673947811126709e-02
9.883149713277816772e-02
7.602575421333312988e-02
9.398184716701507568e-02
8.450414240360260010e-02
6.677368283271789551e-02
6.402418017387390137e-02
8.958351612091064453e-02
9.842081367969512939e-02
8.163186907768249512e-02
8.776774257421493530e-02
8.798343688249588013e-02
6.999896466732025146e-02
6.734631210565567017e-02
9.116756916046142578e-02
9.426213800907135010e-02
7.011462002992630005e-02
1.220506131649017334e-01
9.365534782409667969e-02
7.540955394506454468e-02
8.004545420408248901e-02
1.179487854242324829e-01
1.112242192029953003e-01
8.066822588443756104e-02
1.720906645059585571e-01
1.689237952232360840e-01
1.347414702177047729e-01
1.294169276952743530e-01
1.652218103408813477e-01
1.632973402738571167e-01
1.354849934577941895e-01
1.430903673171997070e-01
1.338476538658142090e-01
1.020163521170616150e-01
1.003423854708671570e-01
1.366324871778488159e-01
1.301293373107910156e-01
1.113026887178421021e-01
1.441485136747360229e-01
1.376609057188034058e-01
1.084871441125869751e-01
1.045063436031341553e-01
1.342425495386123657e-01
1.392823904752731323e-01
1.153341457247734070e-01
2.316011041402816772e-01
2.369475513696670532e-01
1.849514991044998169e-01
1.639091223478317261e-01
2.185437828302383423e-01
2.231614887714385986e-01
1.834890097379684448e-01
1.321252286434173584e-01
1.323895901441574097e-01
1.035892665386199951e-01
9.359005093574523926e-02
1.304800510406494141e-01
1.279819011688232422e-01
1.049097999930381775e-01
1.113376766443252563e-01
1.058175116777420044e-01
8.392401039600372314e-02
7.872285693883895874e-02
1.078617796301841736e-01
1.068631336092948914e-01
8.763237297534942627e-02
1.227920949459075928e-01
1.266582906246185303e-01
9.666408598423004150e-02
8.646597713232040405e-02
1.157601550221443176e-01
1.175374984741210938e-01
1.062805652618408203e-01
1.806417554616928101e-01
1.846321225166320801e-01
1.431981921195983887e-01
1.282927244901657104e-01
1.687478721141815186e-01
1.682012230157852173e-01
1.413100361824035645e-01
1.105556860566139221e-01
1.037057712674140930e-01
8.461184054613113403e-02
8.222602307796478271e-02
1.166097074747085571e-01
1.186260059475898743e-01
9.966335445642471313e-02
9.245903789997100830e-02
8.550187200307846069e-02
6.827057898044586182e-02
6.896098703145980835e-02
8.854214102029800415e-02
8.946190029382705688e-02
7.573700696229934692e-02
1.384432613849639893e-01
1.376636773347854614e-01
1.022075638175010681e-01
1.031517386436462402e-01
1.330636143684387207e-01
1.396854817867279053e-01
1.056622937321662903e-01
1.508270353078842163e-01
1.371408849954605103e-01
1.130788847804069519e-01
1.199416890740394592e-01
1.576094329357147217e-01
1.463788002729415894e-01
1.144778653979301453e-01
1.197264641523361206e-01
1.037675216794013977e-01
8.121613413095474243e-02
8.808053284883499146e-02
1.138182878494262695e-01
1.147793158888816833e-01
9.252356737852096558e-02
1.232310384511947632e-01
1.305653154850006104e-01
9.453590214252471924e-02
9.113675355911254883e-02
1.202880740165710449e-01
1.211498230695724487e-01
1.022920086979866028e-01
8.976538479328155518e-02
8.419195562601089478e-02
6.795672327280044556e-02
6.790120154619216919e-02
8.963956683874130249e-02
9.638687223196029663e-02
7.376386225223541260e-02
9.527924656867980957e-02
1.039299741387367249e-01
8.089561015367507935e-02
7.548129558563232422e-02
9.630127251148223877e-02
9.530309587717056274e-02
8.218263834714889526e-02
1.484927833080291748e-01
1.487217694520950317e-01
1.165556684136390686e-01
1.187647879123687744e-01
1.429609209299087524e-01
1.509012728929519653e-01
1.253160536289215088e-01
1.409811079502105713e-01
1.593778878450393677e-01
1.141010522842407227e-01
1.085926741361618042e-01
1.519539356231689453e-01
1.435863375663757324e-01
1.232826858758926392e-01
1.411438584327697754e-01
1.385863274335861206e-01
1.114168763160705566e-01
9.744425117969512939e-02
1.360664814710617065e-01
1.360270231962203979e-01
1.103826388716697693e-01
1.070592999458312988e-01
1.023129001259803772e-01
8.155305683612823486e-02
7.574981451034545898e-02
1.028831228613853455e-01
9.945450723171234131e-02
7.996689528226852417e-02
9.917715936899185181e-02
9.210282564163208008e-02
7.850155234336853027e-02
7.808867096900939941e-02
9.468891471624374390e-02
8.985965698957443237e-02
7.777959108352661133e-02
1.619801521301269531e-01
1.572318524122238159e-01
1.242203190922737122e-01
1.175552755594253540e-01
1.512663215398788452e-01
1.509208083152770996e-01
1.221380159258842468e-01
9.828422963619232178e-02
9.316876530647277832e-02
7.573360204696655273e-02
7.550328969955444336e-02
9.863610565662384033e-02
9.641712903976440430e-02
7.976583391427993774e-02
1.022171974182128906e-01
1.026693955063819885e-01
8.418501168489456177e-02
7.767534255981445312e-02
9.831436723470687866e-02
9.657485038042068481e-02
8.513324707746505737e-02
9.436598420143127441e-02
9.745816141366958618e-02
7.930916547775268555e-02
7.553135603666305542e-02
9.318964183330535889e-02
8.911901712417602539e-02
8.104307204484939575e-02
1.112264171242713928e-01
1.082682982087135315e-01
8.685068041086196899e-02
8.734294772148132324e-02
1.211282461881637573e-01
1.200329065322875977e-01
9.476961940526962280e-02
1.386585235595703125e-01
1.401125639677047729e-01
1.101040989160537720e-01
1.003968566656112671e-01
1.337352991104125977e-01
1.293971240520477295e-01
1.129508912563323975e-01
1.348431110382080078e-01
1.357967257499694824e-01
1.021192520856857300e-01
9.262421727180480957e-02
1.294766962528228760e-01
1.166294887661933899e-01
1.041665822267532349e-01
1.885313242673873901e-01
1.716658174991607666e-01
1.425963491201400757e-01
1.433462351560592651e-01
1.829120069742202759e-01
1.813334375619888306e-01
1.551430672407150269e-01
1.640757173299789429e-01
1.450212299823760986e-01
1.156453713774681091e-01
1.156026050448417664e-01
1.522751301527023315e-01
1.505141109228134155e-01
1.201209872961044312e-01
1.116609945893287659e-01
1.037076115608215332e-01
8.349984884262084961e-02
8.522093296051025391e-02
1.090841591358184814e-01
1.055421978235244751e-01
8.729539066553115845e-02
1.170849651098251343e-01
1.272022277116775513e-01
9.854047745466232300e-02
9.340147674083709717e-02
1.121271327137947083e-01
1.153198704123497009e-01
9.743035584688186646e-02
1.002528369426727295e-01
9.871154278516769409e-02
7.831089198589324951e-02
7.783328741788864136e-02
1.042471006512641907e-01
9.982102364301681519e-02
8.387398719787597656e-02
9.323046356439590454e-02
9.144415706396102905e-02
7.556036859750747681e-02
7.595704495906829834e-02
9.081788361072540283e-02
9.000868350267410278e-02
7.213944196701049805e-02
8.557385206222534180e-02
8.280695974826812744e-02
6.904984265565872192e-02
6.664898991584777832e-02
8.139155805110931396e-02
7.979711145162582397e-02
7.069483399391174316e-02
