5.581689998507499695e-02
6.048663705587387085e-02
6.881571561098098755e-02
8.362679928541183472e-02
7.415620982646942139e-02
8.841258287429809570e-02
7.249104231595993042e-02
4.985735192894935608e-02
5.410926789045333862e-02
6.367278099060058594e-02
7.838939875364303589e-02
7.216174900531768799e-02
8.541914075613021851e-02
7.237260788679122925e-02
8.569650352001190186e-02
9.272227436304092407e-02
1.013820320367813110e-01
1.285808086395263672e-01
1.145724430680274963e-01
1.393823772668838501e-01
1.214681193232536316e-01
8.891066908836364746e-02
1.069702133536338806e-01
1.296629458665847778e-01
1.593384146690368652e-01
1.232804358005523682e-01
1.453071087598800659e-01
1.189812421798706055e-01
5.112830176949501038e-02
5.785712227225303650e-02
6.409393996000289917e-02
7.781654596328735352e-02
7.252483814954757690e-02
8.633544296026229858e-02
6.945433467626571655e-02
4.752264916896820068e-02
5.479991808533668518e-02
5.910704657435417175e-02
7.364080846309661865e-02
6.721998751163482666e-02
7.973674684762954712e-02
6.715147942304611206e-02
5.232907459139823914e-02
5.792048573493957520e-02
6.727236509323120117e-02
8.096087723970413208e-02
7.091153413057327271e-02
8.390165865421295166e-02
7.105451822280883789e-02
5.821432918310165405e-02
6.435552239418029785e-02
7.766060531139373779e-02
9.669866412878036499e-02
8.677291870117187500e-02
1.012196540832519531e-01
8.102256059646606445e-02
8.851916342973709106e-02
1.071933954954147339e-01
1.242708861827850342e-01
1.469082087278366089e-01
1.144057214260101318e-01
1.305254399776458740e-01
1.145525723695755005e-01
9.154848009347915649e-02
1.088026836514472961e-01
1.221800595521926880e-01
1.486440151929855347e-01
1.201844662427902222e-01
1.466756314039230347e-01
1.283942312002182007e-01
6.123984605073928833e-02
6.436108797788619995e-02
6.736670434474945068e-02
9.070793539285659790e-02
8.356270939111709595e-02
9.601647406816482544e-02
8.263906091451644897e-02
5.553590133786201477e-02
6.627491861581802368e-02
7.934354990720748901e-02
1.035655066370964050e-01
8.653190732002258301e-02
1.002961173653602600e-01
7.763541489839553833e-02
5.760529637336730957e-02
6.375119835138320923e-02
7.292234152555465698e-02
9.356758743524551392e-02
7.592031359672546387e-02
8.759462088346481323e-02
7.463460415601730347e-02
6.022233515977859497e-02
6.832878291606903076e-02
7.806126773357391357e-02
1.321660727262496948e-01
9.416156262159347534e-02
1.073323190212249756e-01
8.167162537574768066e-02
5.922291055321693420e-02
6.945066899061203003e-02
7.805681973695755005e-02
1.001465022563934326e-01
8.671655505895614624e-02
9.721426665782928467e-02
8.306928724050521851e-02
6.218738108873367310e-02
6.946924328804016113e-02
7.998222857713699341e-02
9.730897843837738037e-02
7.910083979368209839e-02
9.936699271202087402e-02
8.019710332155227661e-02
5.474576726555824280e-02
6.017258018255233765e-02
6.699360907077789307e-02
8.552829176187515259e-02
6.958185881376266479e-02
7.996860891580581665e-02
6.748940050601959229e-02
6.419219821691513062e-02
7.148623466491699219e-02
8.093559741973876953e-02
1.032086089253425598e-01
8.245284110307693481e-02
1.066682562232017517e-01
8.891143649816513062e-02
5.114309862256050110e-02
5.459070578217506409e-02
6.280384957790374756e-02
7.813382148742675781e-02
7.241357862949371338e-02
7.890168577432632446e-02
6.851606070995330811e-02
5.015948414802551270e-02
5.939183384180068970e-02
6.809785962104797363e-02
8.184807002544403076e-02
6.766621768474578857e-02
7.617527991533279419e-02
6.609039753675460815e-02
5.853811651468276978e-02
6.424314528703689575e-02
7.226991653442382812e-02
9.139074385166168213e-02
8.238692581653594971e-02
9.559263288974761963e-02
7.723838835954666138e-02
4.760047048330307007e-02
5.117292329668998718e-02
5.980396643280982971e-02
8.277471363544464111e-02
7.245432585477828979e-02
9.643957763910293579e-02
6.613088399171829224e-02
4.980852454900741577e-02
5.478786304593086243e-02
6.117105111479759216e-02
7.451082020998001099e-02
7.274070382118225098e-02
9.074518829584121704e-02
7.031366229057312012e-02
6.165409833192825317e-02
6.606794893741607666e-02
7.241136580705642700e-02
8.462830632925033569e-02
8.126965165138244629e-02
9.555038809776306152e-02
8.118181675672531128e-02
5.938118696212768555e-02
6.860370188951492310e-02
8.030039072036743164e-02
9.942616522312164307e-02
8.360487222671508789e-02
1.009975969791412354e-01
8.450679481029510498e-02
5.113384500145912170e-02
5.264760181307792664e-02
5.722047388553619385e-02
7.577676326036453247e-02
6.601253151893615723e-02
8.366420120000839233e-02
7.434454560279846191e-02
5.016974359750747681e-02
5.690779536962509155e-02
6.316381692886352539e-02
7.922431826591491699e-02
6.628668308258056641e-02
8.108921349048614502e-02
7.010895758867263794e-02
4.582156985998153687e-02
5.413387715816497803e-02
6.057851389050483704e-02
7.997272163629531860e-02
7.071481645107269287e-02
7.621844112873077393e-02
6.768683344125747681e-02
4.621736332774162292e-02
4.832845553755760193e-02
5.502874404191970825e-02
7.212369889020919800e-02
6.593678891658782959e-02
8.094702661037445068e-02
6.507740169763565063e-02
4.856543242931365967e-02
5.139506980776786804e-02
6.026703864336013794e-02
7.790911197662353516e-02
6.618015468120574951e-02
7.303576171398162842e-02
6.186894699931144714e-02
5.471286922693252563e-02
6.266339123249053955e-02
7.982721924781799316e-02
9.456727653741836548e-02
7.369890809059143066e-02
8.481310307979583740e-02
7.792121171951293945e-02
5.680215731263160706e-02
6.221545487642288208e-02
6.811791658401489258e-02
8.095766603946685791e-02
6.848740577697753906e-02
8.261979371309280396e-02
7.886125892400741577e-02
4.626715555787086487e-02
5.135037750005722046e-02
6.003721803426742554e-02
7.538640499114990234e-02
6.993032991886138916e-02
8.661268651485443115e-02
6.602615863084793091e-02
5.077341943979263306e-02
5.562196671962738037e-02
6.310071051120758057e-02
8.005816489458084106e-02
7.338085025548934937e-02
8.402963727712631226e-02
6.550244987010955811e-02
5.201533064246177673e-02
5.600424483418464661e-02
6.419962644577026367e-02
8.094280958175659180e-02
6.947948783636093140e-02
8.501917123794555664e-02
6.954350322484970093e-02
5.440172553062438965e-02
6.742902100086212158e-02
7.861337065696716309e-02
9.483312815427780151e-02
7.437823712825775146e-02
9.461160004138946533e-02
7.866358011960983276e-02
5.079803615808486938e-02
5.443020164966583252e-02
5.887626484036445618e-02
7.534232735633850098e-02
6.738344579935073853e-02
8.229196816682815552e-02
6.665642559528350830e-02
5.446429923176765442e-02
6.002255901694297791e-02
6.687685847282409668e-02
8.121546357870101929e-02
7.170449942350387573e-02
8.638203144073486328e-02
7.405111193656921387e-02
5.766388773918151855e-02
6.743685156106948853e-02
7.330546528100967407e-02
9.005087614059448242e-02
7.705815136432647705e-02
8.939738571643829346e-02
7.721304893493652344e-02
5.198281630873680115e-02
5.369031429290771484e-02
5.987402424216270447e-02
7.675611227750778198e-02
6.375256925821304321e-02
8.185877650976181030e-02
6.756848096847534180e-02
5.010248720645904541e-02
5.808778107166290283e-02
6.477591395378112793e-02
8.183590322732925415e-02
6.636885553598403931e-02
8.211641758680343628e-02
6.807094067335128784e-02
5.940305441617965698e-02
6.771426647901535034e-02
7.879345864057540894e-02
9.538026899099349976e-02
8.106812089681625366e-02
9.604923427104949951e-02
8.211569488048553467e-02
6.203832477331161499e-02
7.202209532260894775e-02
8.014427870512008667e-02
9.997540712356567383e-02
8.135802298784255981e-02
9.635152667760848999e-02
8.769088983535766602e-02
6.229334697127342224e-02
6.615512818098068237e-02
7.482194900512695312e-02
1.025101542472839355e-01
8.352893590927124023e-02
1.027743220329284668e-01
8.601354062557220459e-02
6.576427072286605835e-02
7.834655046463012695e-02
8.857023715972900391e-02
1.126094609498977661e-01
9.074219316244125366e-02
1.075670719146728516e-01
9.118089824914932251e-02
6.019441783428192139e-02
6.594774127006530762e-02
7.560198009014129639e-02
9.593788534402847290e-02
8.554650843143463135e-02
1.078121215105056763e-01
8.702617138624191284e-02
5.311736464500427246e-02
5.887320637702941895e-02
6.320653855800628662e-02
7.927557826042175293e-02
7.532244175672531128e-02
8.631315082311630249e-02
7.184267789125442505e-02
5.050183460116386414e-02
5.409934371709823608e-02
6.042100489139556885e-02
7.826925814151763916e-02
6.947173923254013062e-02
8.202479034662246704e-02
7.075122743844985962e-02
5.164241045713424683e-02
6.005884706974029541e-02
6.584683805704116821e-02
8.176665008068084717e-02
6.941712647676467896e-02
9.099608659744262695e-02
7.609795033931732178e-02
5.136198550462722778e-02
5.611434578895568848e-02
6.163966655731201172e-02
7.492467761039733887e-02
7.035896927118301392e-02
8.835300058126449585e-02
7.261841744184494019e-02
4.624258354306221008e-02
5.059921368956565857e-02
5.931297689676284790e-02
7.350198179483413696e-02
6.624656170606613159e-02
7.809876650571823120e-02
6.710606068372726440e-02
6.333865225315093994e-02
7.517366856336593628e-02
8.740012347698211670e-02
1.047833710908889771e-01
8.557667583227157593e-02
9.874427318572998047e-02
8.166827261447906494e-02
5.233706906437873840e-02
5.593908950686454773e-02
6.368760019540786743e-02
7.977361977100372314e-02
7.326932251453399658e-02
8.618852496147155762e-02
7.126571238040924072e-02
5.293081328272819519e-02
5.950699374079704285e-02
6.793646514415740967e-02
8.366397023200988770e-02
7.379784435033798218e-02
8.471022546291351318e-02
6.775662302970886230e-02
5.029885098338127136e-02
5.356416478753089905e-02
5.931985750794410706e-02
7.529266923666000366e-02
6.479158252477645874e-02
8.160224556922912598e-02
6.912639737129211426e-02
5.580963194370269775e-02
6.199289485812187195e-02
7.099111378192901611e-02
9.224510192871093750e-02
7.832688093185424805e-02
9.276341646909713745e-02
7.670975476503372192e-02
6.595213711261749268e-02
7.577367126941680908e-02
8.533022552728652954e-02
1.010606959462165833e-01
8.873967826366424561e-02
1.058662533760070801e-01
9.098812937736511230e-02
7.243324816226959229e-02
8.564671128988265991e-02
9.896105527877807617e-02
1.275980025529861450e-01
1.030439957976341248e-01
1.244374066591262817e-01
1.041543856263160706e-01
5.274241045117378235e-02
6.092648208141326904e-02
6.878358125686645508e-02
8.494812250137329102e-02
7.322631031274795532e-02
9.006041288375854492e-02
7.504628598690032959e-02
4.818199574947357178e-02
5.181583017110824585e-02
5.891672149300575256e-02
7.565058022737503052e-02
6.653628498315811157e-02
7.887971401214599609e-02
6.752623617649078369e-02
4.384050890803337097e-02
5.097861588001251221e-02
5.580721423029899597e-02
7.232414931058883667e-02
6.356810033321380615e-02
7.524561136960983276e-02
6.043540313839912415e-02
5.476123839616775513e-02
5.908589065074920654e-02
6.420042365789413452e-02
8.554611355066299438e-02
7.342772185802459717e-02
8.839745819568634033e-02
7.454487681388854980e-02
6.021332368254661560e-02
6.612296402454376221e-02
7.470659911632537842e-02
1.021032631397247314e-01
8.740291744470596313e-02
1.082925572991371155e-01
8.939759433269500732e-02
7.231262326240539551e-02
8.530097454786300659e-02
9.829276800155639648e-02
1.194800511002540588e-01
1.029028221964836121e-01
1.207455322146415710e-01
1.020672768354415894e-01
9.190142899751663208e-02
1.045118048787117004e-01
1.154216900467872620e-01
1.351522356271743774e-01
1.174555718898773193e-01
1.379795819520950317e-01
1.233460307121276855e-01
6.948157399892807007e-02
7.742022722959518433e-02
8.820601552724838257e-02
1.050524637103080750e-01
8.707929402589797974e-02
1.087631136178970337e-01
9.162546694278717041e-02
5.389474332332611084e-02
5.656632781028747559e-02
6.234319508075714111e-02
8.097726851701736450e-02
7.078400999307632446e-02
8.558458834886550903e-02
7.203240692615509033e-02
6.846567988395690918e-02
7.701783627271652222e-02
8.783502876758575439e-02
1.093519553542137146e-01
8.842867612838745117e-02
1.031813994050025940e-01
9.192521870136260986e-02
5.336234718561172485e-02
5.456681177020072937e-02
6.282849609851837158e-02
9.143269062042236328e-02
7.222576439380645752e-02
8.413432538509368896e-02
6.923966109752655029e-02
5.064825713634490967e-02
5.420104414224624634e-02
6.415329873561859131e-02
8.247890323400497437e-02
6.857647746801376343e-02
7.935813814401626587e-02
6.713405251502990723e-02
5.914548784494400024e-02
6.250181049108505249e-02
6.732012331485748291e-02
8.535496890544891357e-02
8.008118718862533569e-02
8.972904086112976074e-02
7.707408070564270020e-02
6.801370531320571899e-02
6.729692220687866211e-02
7.880184799432754517e-02
1.080897673964500427e-01
9.231340140104293823e-02
1.050835624337196350e-01
8.131118118762969971e-02
5.161190405488014221e-02
6.483832746744155884e-02
7.697585225105285645e-02
1.043550819158554077e-01
7.416453212499618530e-02
9.294296801090240479e-02
7.321067154407501221e-02
6.792480498552322388e-02
7.539150118827819824e-02
9.098535776138305664e-02
1.186896115541458130e-01
9.550932049751281738e-02
1.165309697389602661e-01
9.737373143434524536e-02
5.182915553450584412e-02
5.920576676726341248e-02
6.544093787670135498e-02
8.751066774129867554e-02
7.366079837083816528e-02
9.554385393857955933e-02
7.093591243028640747e-02
5.410897731781005859e-02
6.084121018648147583e-02
6.580824404954910278e-02
8.327964693307876587e-02
7.364537566900253296e-02
9.644934535026550293e-02
7.506190240383148193e-02
6.448413431644439697e-02
7.403006404638290405e-02
8.284886181354522705e-02
1.080189347267150879e-01
8.444241434335708618e-02
1.074761971831321716e-01
8.541198074817657471e-02
5.076726526021957397e-02
5.783208459615707397e-02
6.500288099050521851e-02
8.188062161207199097e-02
7.128956913948059082e-02
8.557919412851333618e-02
7.073488831520080566e-02
5.284371972084045410e-02
5.946765467524528503e-02
6.844203919172286987e-02
8.357722312211990356e-02
7.494356483221054077e-02
8.490180224180221558e-02
7.001141458749771118e-02
4.448256641626358032e-02
4.933189600706100464e-02
5.476451665163040161e-02
6.732582300901412964e-02
6.385084241628646851e-02
7.526211440563201904e-02
6.310916692018508911e-02
