9.704799950122833252e-02
1.018318831920623779e-01
9.681767225265502930e-02
9.412474185228347778e-02
7.958561182022094727e-02
8.691055327653884888e-02
8.020741492509841919e-02
9.144324809312820435e-02
9.852030128240585327e-02
9.012202173471450806e-02
8.564413338899612427e-02
6.884171068668365479e-02
7.919397205114364624e-02
8.290549367666244507e-02
1.330775916576385498e-01
1.448974013328552246e-01
1.319070905447006226e-01
1.362510621547698975e-01
1.095333397388458252e-01
1.191619411110877991e-01
1.216093748807907104e-01
1.724576950073242188e-01
1.771416813135147095e-01
1.735753566026687622e-01
1.836380660533905029e-01
1.431659311056137085e-01
1.447727084159851074e-01
1.718443781137466431e-01
8.638958632946014404e-02
9.145070612430572510e-02
8.664010465145111084e-02
8.513142913579940796e-02
7.211617380380630493e-02
7.919081300497055054e-02
7.932046055793762207e-02
9.200286865234375000e-02
9.637174010276794434e-02
9.208984673023223877e-02
8.486454188823699951e-02
7.220500707626342773e-02
7.343164086341857910e-02
8.127579838037490845e-02
9.450736641883850098e-02
1.005548164248466492e-01
9.348138421773910522e-02
9.242184460163116455e-02
7.291733473539352417e-02
7.865201681852340698e-02
8.564984798431396484e-02
1.126194372773170471e-01
1.158291921019554138e-01
1.120471879839897156e-01
1.113017499446868896e-01
8.925902098417282104e-02
9.612524509429931641e-02
9.855861216783523560e-02
1.603364199399948120e-01
1.650234460830688477e-01
1.643522232770919800e-01
1.645773351192474365e-01
1.330469548702239990e-01
1.450967490673065186e-01
1.547909677028656006e-01
1.444461345672607422e-01
1.548258215188980103e-01
1.514896154403686523e-01
1.582915484905242920e-01
1.268880069255828857e-01
1.390094310045242310e-01
1.530924141407012939e-01
8.665993809700012207e-02
9.533441811800003052e-02
8.986415714025497437e-02
9.294998645782470703e-02
7.462970167398452759e-02
7.726500928401947021e-02
8.114339411258697510e-02
1.159640401601791382e-01
1.165587827563285828e-01
1.110186949372291565e-01
1.167408078908920288e-01
9.244273602962493896e-02
9.599782526493072510e-02
1.030216291546821594e-01
1.025981083512306213e-01
1.046472564339637756e-01
1.021453887224197388e-01
1.046428605914115906e-01
8.398498594760894775e-02
8.943823724985122681e-02
9.062631428241729736e-02
9.359636902809143066e-02
1.039639040827751160e-01
9.877167642116546631e-02
1.000130102038383484e-01
8.243322372436523438e-02
9.057098627090454102e-02
9.414941072463989258e-02
9.971796721220016479e-02
1.083931475877761841e-01
1.082566902041435242e-01
1.069242432713508606e-01
8.504563570022583008e-02
9.016717970371246338e-02
1.008668169379234314e-01
1.093202084302902222e-01
1.107566282153129578e-01
1.072079017758369446e-01
1.111598610877990723e-01
9.129351377487182617e-02
1.002386882901191711e-01
9.980311989784240723e-02
8.432903885841369629e-02
9.075882285833358765e-02
8.976478129625320435e-02
9.409866482019424438e-02
7.443939149379730225e-02
8.363083750009536743e-02
7.848695665597915649e-02
1.033183038234710693e-01
1.118749678134918213e-01
1.071312054991722107e-01
1.158124729990959167e-01
8.822265267372131348e-02
9.630389511585235596e-02
1.197678893804550171e-01
7.989151030778884888e-02
8.172576874494552612e-02
8.446729183197021484e-02
8.846689015626907349e-02
7.101926207542419434e-02
7.399171590805053711e-02
7.580479234457015991e-02
9.366432577371597290e-02
9.680120646953582764e-02
9.143918007612228394e-02
9.219162911176681519e-02
7.686365395784378052e-02
7.871362566947937012e-02
8.507481962442398071e-02
9.260516613721847534e-02
1.029111668467521667e-01
9.934438019990921021e-02
1.023532152175903320e-01
8.150514215230941772e-02
8.922928571701049805e-02
9.431405365467071533e-02
8.385244756937026978e-02
9.288544207811355591e-02
8.565986901521682739e-02
8.297879248857498169e-02
7.020980864763259888e-02
7.391786575317382812e-02
8.182758092880249023e-02
8.727201074361801147e-02
9.277003258466720581e-02
8.813593536615371704e-02
8.607524633407592773e-02
7.006207853555679321e-02
7.892931252717971802e-02
7.735682278871536255e-02
9.987623989582061768e-02
1.066297665238380432e-01
1.006830558180809021e-01
1.020327806472778320e-01
8.239100128412246704e-02
8.999787271022796631e-02
9.876044094562530518e-02
1.009451895952224731e-01
1.021691188216209412e-01
1.003584489226341248e-01
1.028859391808509827e-01
8.400747925043106079e-02
8.978913724422454834e-02
9.954141825437545776e-02
7.841458916664123535e-02
8.550430089235305786e-02
7.967319339513778687e-02
8.133390545845031738e-02
6.548054516315460205e-02
7.124808430671691895e-02
8.070743829011917114e-02
7.605717331171035767e-02
8.373477309942245483e-02
7.712415605783462524e-02
8.188418298959732056e-02
6.457093358039855957e-02
7.244335860013961792e-02
7.870911806821823120e-02
8.357308804988861084e-02
9.093071520328521729e-02
8.228167146444320679e-02
8.235992491245269775e-02
6.837452948093414307e-02
7.127209007740020752e-02
7.269893586635589600e-02
8.339299261569976807e-02
8.575203269720077515e-02
7.996131479740142822e-02
8.348023146390914917e-02
6.571511179208755493e-02
7.055047899484634399e-02
6.820759922266006470e-02
8.908119052648544312e-02
9.256276488304138184e-02
8.558488637208938599e-02
8.229944109916687012e-02
6.567098200321197510e-02
6.969579309225082397e-02
6.931325048208236694e-02
1.134557873010635376e-01
1.166321113705635071e-01
1.128715202212333679e-01
1.150589585304260254e-01
8.993837237358093262e-02
9.130638837814331055e-02
9.705211967229843140e-02
8.643208444118499756e-02
8.852726221084594727e-02
8.593041449785232544e-02
9.462747722864151001e-02
7.539403438568115234e-02
7.992085814476013184e-02
8.607598394155502319e-02
8.474700897932052612e-02
8.816419541835784912e-02
8.418305218219757080e-02
8.644531667232513428e-02
6.930253654718399048e-02
7.500533014535903931e-02
7.736185938119888306e-02
8.946299552917480469e-02
9.661033004522323608e-02
8.521212637424468994e-02
8.623548597097396851e-02
7.036183774471282959e-02
8.020283281803131104e-02
7.986553013324737549e-02
8.883266150951385498e-02
9.453317523002624512e-02
8.797065913677215576e-02
8.716502040624618530e-02
7.102528214454650879e-02
7.844071090221405029e-02
7.908475399017333984e-02
1.131942048668861389e-01
1.111518591642379761e-01
1.084658950567245483e-01
1.133705377578735352e-01
8.916065841913223267e-02
9.676063805818557739e-02
9.994531422853469849e-02
8.143097907304763794e-02
8.616951107978820801e-02
8.261105418205261230e-02
8.648385107517242432e-02
6.913992762565612793e-02
7.004771381616592407e-02
7.155835628509521484e-02
9.404798597097396851e-02
9.329938143491744995e-02
9.138034284114837646e-02
8.935018628835678101e-02
7.425837963819503784e-02
8.205305784940719604e-02
8.190700411796569824e-02
1.018710583448410034e-01
1.071301475167274475e-01
1.040785089135169983e-01
1.001623198390007019e-01
7.991199940443038940e-02
9.014514088630676270e-02
8.798884600400924683e-02
7.710107415914535522e-02
8.146306127309799194e-02
7.797160744667053223e-02
8.116751909255981445e-02
6.455548107624053955e-02
7.077942788600921631e-02
6.879442930221557617e-02
9.529902786016464233e-02
1.012212336063385010e-01
9.552586823701858521e-02
9.757300466299057007e-02
7.971999049186706543e-02
8.288262039422988892e-02
8.326924592256546021e-02
1.124201044440269470e-01
1.144809648394584656e-01
1.063897311687469482e-01
1.053037866950035095e-01
8.654661476612091064e-02
9.834634512662887573e-02
9.349804371595382690e-02
1.154856905341148376e-01
1.130719557404518127e-01
1.118988096714019775e-01
1.138639897108078003e-01
9.171277284622192383e-02
9.534984081983566284e-02
1.027863398194313049e-01
1.097314208745956421e-01
1.039942204952239990e-01
9.936802834272384644e-02
1.092735305428504944e-01
8.568662405014038086e-02
9.174689650535583496e-02
1.041508987545967102e-01
1.090261265635490417e-01
1.214027330279350281e-01
1.148226782679557800e-01
1.118852049112319946e-01
9.423050284385681152e-02
1.027155518531799316e-01
1.051742434501647949e-01
9.428334981203079224e-02
1.004496589303016663e-01
9.399121999740600586e-02
1.002054810523986816e-01
8.190333098173141479e-02
8.863676339387893677e-02
9.398086369037628174e-02
8.946081250905990601e-02
9.409777075052261353e-02
9.141647815704345703e-02
8.789714425802230835e-02
7.084324210882186890e-02
7.752602547407150269e-02
7.984554767608642578e-02
8.637332916259765625e-02
8.837788552045822144e-02
8.030690252780914307e-02
8.312890678644180298e-02
6.686206907033920288e-02
7.174013555049896240e-02
8.072811365127563477e-02
9.496428072452545166e-02
9.095616638660430908e-02
8.766302466392517090e-02
9.228336066007614136e-02
7.204989343881607056e-02
8.121568709611892700e-02
8.176375925540924072e-02
9.221202880144119263e-02
9.959801286458969116e-02
9.263290464878082275e-02
9.028421342372894287e-02
7.304289191961288452e-02
8.116010576486587524e-02
8.345624059438705444e-02
8.172195404767990112e-02
9.059757739305496216e-02
8.041635155677795410e-02
8.127721399068832397e-02
6.721568852663040161e-02
7.298874855041503906e-02
7.843337953090667725e-02
1.210512444376945496e-01
1.283374577760696411e-01
1.240601688623428345e-01
1.197935044765472412e-01
9.870675951242446899e-02
1.042695418000221252e-01
1.120098680257797241e-01
8.129224926233291626e-02
8.648067712783813477e-02
8.077839761972427368e-02
8.324851095676422119e-02
6.700515002012252808e-02
7.655019313097000122e-02
7.567901164293289185e-02
9.008108824491500854e-02
9.451245516538619995e-02
9.227971732616424561e-02
9.635479003190994263e-02
8.028515428304672241e-02
8.575411140918731689e-02
9.400443732738494873e-02
8.538205921649932861e-02
9.627804160118103027e-02
9.114881604909896851e-02
9.494469314813613892e-02
7.165730744600296021e-02
7.622177153825759888e-02
7.565248757600784302e-02
1.006365492939949036e-01
1.070356294512748718e-01
9.536505490541458130e-02
1.052104309201240540e-01
8.230463415384292603e-02
8.510994911193847656e-02
9.299300611019134521e-02
1.139871701598167419e-01
1.248453930020332336e-01
1.235857233405113220e-01
1.162102296948432922e-01
9.348867088556289673e-02
9.815117716789245605e-02
1.080493181943893433e-01
1.302614957094192505e-01
1.392046809196472168e-01
1.318823099136352539e-01
1.384528577327728271e-01
1.089688464999198914e-01
1.152995154261589050e-01
1.325227767229080200e-01
8.425017446279525757e-02
9.142212569713592529e-02
8.955845236778259277e-02
9.136705100536346436e-02
7.167881727218627930e-02
8.025282621383666992e-02
8.116411417722702026e-02
8.129724115133285522e-02
8.187793940305709839e-02
8.469475805759429932e-02
8.795892447233200073e-02
7.203742116689682007e-02
7.557217031717300415e-02
8.122456818819046021e-02
7.572855055332183838e-02
8.909211307764053345e-02
8.441952615976333618e-02
8.422578871250152588e-02
6.615472584962844849e-02
7.265374809503555298e-02
7.602380961179733276e-02
8.277292549610137939e-02
9.285476803779602051e-02
9.286396205425262451e-02
9.469522535800933838e-02
7.108705490827560425e-02
7.665636390447616577e-02
8.276480436325073242e-02
1.033001095056533813e-01
1.069040074944496155e-01
1.014819890260696411e-01
1.048849001526832581e-01
8.081103116273880005e-02
9.093666076660156250e-02
8.820266276597976685e-02
1.445667892694473267e-01
1.474915146827697754e-01
1.425338685512542725e-01
1.416489034891128540e-01
1.162787750363349915e-01
1.278294324874877930e-01
1.166076213121414185e-01
1.413175463676452637e-01
1.479491442441940308e-01
1.472588032484054565e-01
1.567154079675674438e-01
1.235566511750221252e-01
1.391289830207824707e-01
1.439338922500610352e-01
1.144045218825340271e-01
1.228059008717536926e-01
1.198927685618400574e-01
1.175277829170227051e-01
9.476169198751449585e-02
1.040854901075363159e-01
1.061158999800682068e-01
7.879077643156051636e-02
8.286026865243911743e-02
8.053844422101974487e-02
8.845508098602294922e-02
6.841417402029037476e-02
7.394693791866302490e-02
8.144935220479965210e-02
1.095815226435661316e-01
1.108891814947128296e-01
1.100094020366668701e-01
1.156300380825996399e-01
9.240899235010147095e-02
1.020995378494262695e-01
1.083201915025711060e-01
8.985859900712966919e-02
9.441331028938293457e-02
9.033567458391189575e-02
9.508457779884338379e-02
7.722794264554977417e-02
7.552887499332427979e-02
8.581886440515518188e-02
8.604282885789871216e-02
8.935232460498809814e-02
8.805867284536361694e-02
8.914425969123840332e-02
7.351616024971008301e-02
8.373574167490005493e-02
8.548855781555175781e-02
8.743552118539810181e-02
8.999016135931015015e-02
8.934679627418518066e-02
9.102955460548400879e-02
7.431443035602569580e-02
8.429107815027236938e-02
8.785610646009445190e-02
1.007792279124259949e-01
1.075591892004013062e-01
1.008830592036247253e-01
1.048022210597991943e-01
8.485139161348342896e-02
9.693262726068496704e-02
1.113821789622306824e-01
1.142642423510551453e-01
1.203048229217529297e-01
1.110310256481170654e-01
1.154399737715721130e-01
9.051597863435745239e-02
9.425755590200424194e-02
1.024546176195144653e-01
1.159371137619018555e-01
1.238860860466957092e-01
1.151594817638397217e-01
1.251567304134368896e-01
9.878343343734741211e-02
1.036575585603713989e-01
1.358227878808975220e-01
8.322688192129135132e-02
9.120409190654754639e-02
8.437471836805343628e-02
8.859537541866302490e-02
7.157032191753387451e-02
7.580482959747314453e-02
9.358790516853332520e-02
8.790882676839828491e-02
8.878383040428161621e-02
8.752411603927612305e-02
8.647279441356658936e-02
7.156658917665481567e-02
8.212753385305404663e-02
8.456050604581832886e-02
9.674172103404998779e-02
1.037355214357376099e-01
1.005854532122612000e-01
9.962296485900878906e-02
8.548410236835479736e-02
9.549144655466079712e-02
9.611691534519195557e-02
1.097906827926635742e-01
1.049489900469779968e-01
9.062254428863525391e-02
9.125590324401855469e-02
7.452791184186935425e-02
8.201864361763000488e-02
8.362951129674911499e-02
1.034946218132972717e-01
1.116449758410453796e-01
1.009719967842102051e-01
9.862855821847915649e-02
7.920735329389572144e-02
8.290059864521026611e-02
8.694361895322799683e-02
9.272621572017669678e-02
9.373040497303009033e-02
8.705851435661315918e-02
8.653124421834945679e-02
6.471905112266540527e-02
6.753143668174743652e-02
6.906768679618835449e-02
