7.315670698881149292e-02
8.123070001602172852e-02
7.962621003389358521e-02
7.332646846771240234e-02
7.610690593719482422e-02
7.218375056982040405e-02
8.666861802339553833e-02
9.223222732543945312e-02
1.038282215595245361e-01
1.142496317625045776e-01
1.111925393342971802e-01
7.705895602703094482e-02
8.397462964057922363e-02
1.029799431562423706e-01
9.618647396564483643e-02
8.362632989883422852e-02
7.558103650808334351e-02
9.173279255628585815e-02
9.294861555099487305e-02
1.716197282075881958e-01
2.249737381935119629e-01
3.558941185474395752e-01
3.844047486782073975e-01
2.641964256763458252e-01
1.342866569757461548e-01
8.598197996616363525e-02
9.939657896757125854e-02
1.128733009099960327e-01
1.240527108311653137e-01
1.039985269308090210e-01
1.239791512489318848e-01
1.076994761824607849e-01
1.369370520114898682e-01
1.625474691390991211e-01
2.010714858770370483e-01
1.963250190019607544e-01
1.424034088850021362e-01
1.513721644878387451e-01
9.635233879089355469e-02
1.314316242933273315e-01
1.471864581108093262e-01
1.503337770700454712e-01
1.090659722685813904e-01
1.466910392045974731e-01
1.039628982543945312e-01
1.219394877552986145e-01
1.311989724636077881e-01
1.650361567735671997e-01
1.580798476934432983e-01
1.306213289499282837e-01
1.669114530086517334e-01
9.818198531866073608e-02
7.164918631315231323e-02
7.776171714067459106e-02
8.042235672473907471e-02
7.202326506376266479e-02
7.451974600553512573e-02
7.502563297748565674e-02
1.069558635354042053e-01
1.064893007278442383e-01
1.380781829357147217e-01
1.376098692417144775e-01
1.020483374595642090e-01
7.681925594806671143e-02
7.263834029436111450e-02
7.013177126646041870e-02
7.672769576311111450e-02
7.212306559085845947e-02
6.546376645565032959e-02
6.950244307518005371e-02
7.330829650163650513e-02
1.016004085540771484e-01
9.668488800525665283e-02
1.386680752038955688e-01
1.249549239873886108e-01
8.494214713573455811e-02
6.898967176675796509e-02
5.360762774944305420e-02
7.126266509294509888e-02
7.751005142927169800e-02
8.417867124080657959e-02
7.929582148790359497e-02
8.924610167741775513e-02
8.677511662244796753e-02
1.531968861818313599e-01
1.882396936416625977e-01
3.004498183727264404e-01
2.926648259162902832e-01
1.941763609647750854e-01
1.080204248428344727e-01
8.509247004985809326e-02
9.279844164848327637e-02
9.471808373928070068e-02
9.828044474124908447e-02
8.495624363422393799e-02
9.504520893096923828e-02
7.792718708515167236e-02
1.060467585921287537e-01
1.522149443626403809e-01
1.494804024696350098e-01
1.342063099145889282e-01
1.145026907324790955e-01
8.347991108894348145e-02
7.433401048183441162e-02
1.214798390865325928e-01
1.474617719650268555e-01
1.556843519210815430e-01
1.347496956586837769e-01
1.420782357454299927e-01
1.297841221094131470e-01
1.545639932155609131e-01
1.781651228666305542e-01
2.099031060934066772e-01
2.013908475637435913e-01
1.538992524147033691e-01
9.410437196493148804e-02
9.174004942178726196e-02
1.246563345193862915e-01
1.397120654582977295e-01
1.525893360376358032e-01
1.316199153661727905e-01
1.593261659145355225e-01
1.465354561805725098e-01
1.861386746168136597e-01
2.246471494436264038e-01
2.545829117298126221e-01
2.288680970668792725e-01
1.608246117830276489e-01
8.943883329629898071e-02
6.519617140293121338e-02
9.104237705469131470e-02
8.351568877696990967e-02
8.577924966812133789e-02
8.136647939682006836e-02
9.077687561511993408e-02
7.946082204580307007e-02
1.154471933841705322e-01
1.298809796571731567e-01
1.835442185401916504e-01
1.914203464984893799e-01
1.402028650045394897e-01
8.595896512269973755e-02
7.598410546779632568e-02
8.813290297985076904e-02
9.903576970100402832e-02
1.024875044822692871e-01
8.408161252737045288e-02
9.077416360378265381e-02
8.260951936244964600e-02
9.649229794740676880e-02
1.788429915904998779e-01
1.593336611986160278e-01
1.432309299707412720e-01
1.348761022090911865e-01
9.526525437831878662e-02
8.536940068006515503e-02
1.054321005940437317e-01
9.631638973951339722e-02
9.813395142555236816e-02
9.492605179548263550e-02
9.489564597606658936e-02
9.353057295083999634e-02
1.223764196038246155e-01
1.303308606147766113e-01
1.564286649227142334e-01
1.534585356712341309e-01
1.166885793209075928e-01
8.085941523313522339e-02
6.783126294612884521e-02
9.092764556407928467e-02
9.067732840776443481e-02
9.312045574188232422e-02
8.763878792524337769e-02
9.227871149778366089e-02
8.278794586658477783e-02
1.156254261732101440e-01
1.411045491695404053e-01
1.890482455492019653e-01
1.907967925071716309e-01
1.397106051445007324e-01
8.839046210050582886e-02
8.417034894227981567e-02
9.158606827259063721e-02
9.130693227052688599e-02
9.319218993186950684e-02
8.137341588735580444e-02
8.528694510459899902e-02
8.154977113008499146e-02
1.036331877112388611e-01
1.140006408095359802e-01
1.292691230773925781e-01
1.250171065330505371e-01
1.097128093242645264e-01
7.939408719539642334e-02
7.061678916215896606e-02
7.870636135339736938e-02
8.589961379766464233e-02
1.018978357315063477e-01
8.368466049432754517e-02
9.221345931291580200e-02
8.784256130456924438e-02
1.004164144396781921e-01
1.298187226057052612e-01
1.582282632589340210e-01
1.696734577417373657e-01
1.390391886234283447e-01
9.530427306890487671e-02
9.201613813638687134e-02
8.190475404262542725e-02
8.180093020200729370e-02
8.314466476440429688e-02
7.397923618555068970e-02
7.848872244358062744e-02
8.049167692661285400e-02
1.045270264148712158e-01
1.320341974496841431e-01
1.238427162170410156e-01
1.219670549035072327e-01
1.140443682670593262e-01
7.928659021854400635e-02
6.562548130750656128e-02
8.499287068843841553e-02
9.604535251855850220e-02
1.055031120777130127e-01
8.480440825223922729e-02
9.329285472631454468e-02
8.671309798955917358e-02
1.145318970084190369e-01
1.279536485671997070e-01
1.583229005336761475e-01
1.556672155857086182e-01
1.209955364465713501e-01
9.061112999916076660e-02
8.242743462324142456e-02
7.159993797540664673e-02
7.209276407957077026e-02
7.571837306022644043e-02
6.822798401117324829e-02
8.111598342657089233e-02
7.309839129447937012e-02
9.415447711944580078e-02
1.069254130125045776e-01
1.363971978425979614e-01
1.388204097747802734e-01
1.151863038539886475e-01
8.131907880306243896e-02
6.478381156921386719e-02
8.844357728958129883e-02
8.407087624073028564e-02
8.305852115154266357e-02
7.522355020046234131e-02
8.015707880258560181e-02
7.531378418207168579e-02
9.058058261871337891e-02
1.103870868682861328e-01
1.423383355140686035e-01
1.468157023191452026e-01
1.139099150896072388e-01
7.514576613903045654e-02
6.824599951505661011e-02
7.710325717926025391e-02
8.310282230377197266e-02
8.681473135948181152e-02
7.438488304615020752e-02
8.459448069334030151e-02
7.776719331741333008e-02
9.815818071365356445e-02
1.038837209343910217e-01
1.223080009222030640e-01
1.133684888482093811e-01
9.587796777486801147e-02
7.290927320718765259e-02
6.512134522199630737e-02
6.884473562240600586e-02
7.374795526266098022e-02
7.619448751211166382e-02
6.696511059999465942e-02
7.663635909557342529e-02
7.515207678079605103e-02
9.060945361852645874e-02
9.787959605455398560e-02
1.388988792896270752e-01
1.425129324197769165e-01
1.137098595499992371e-01
7.675620913505554199e-02
6.250576674938201904e-02
7.068468630313873291e-02
7.642195373773574829e-02
7.816103100776672363e-02
7.481894642114639282e-02
7.763325423002243042e-02
8.164932578802108765e-02
1.010079532861709595e-01
1.223627105355262756e-01
1.582379639148712158e-01
1.555340886116027832e-01
1.172249540686607361e-01
7.585125416517257690e-02
6.222992390394210815e-02
7.849176973104476929e-02
9.066139161586761475e-02
1.006288081407546997e-01
8.757342398166656494e-02
1.013133972883224487e-01
9.413728863000869751e-02
1.336778402328491211e-01
1.427335143089294434e-01
1.518317759037017822e-01
1.506802588701248169e-01
1.223342046141624451e-01
8.518508076667785645e-02
8.496469259262084961e-02
7.791009545326232910e-02
8.987821638584136963e-02
9.694333374500274658e-02
8.511657267808914185e-02
8.903136104345321655e-02
8.452106267213821411e-02
1.092868745326995850e-01
1.291098892688751221e-01
1.548498123884201050e-01
1.454778462648391724e-01
1.206228211522102356e-01
7.879000157117843628e-02
7.179045677185058594e-02
7.012870907783508301e-02
7.597668468952178955e-02
7.048428803682327271e-02
6.741657108068466187e-02
7.384609431028366089e-02
7.559463381767272949e-02
8.779624104499816895e-02
1.096626296639442444e-01
1.583894938230514526e-01
1.594769358634948730e-01
1.153678894042968750e-01
7.450582087039947510e-02
8.059848845005035400e-02
6.693558394908905029e-02
7.999093085527420044e-02
8.274870365858078003e-02
7.433308660984039307e-02
8.777827024459838867e-02
8.725707978010177612e-02
1.121791526675224304e-01
1.318075060844421387e-01
1.899966597557067871e-01
1.900250911712646484e-01
1.262425333261489868e-01
8.885290473699569702e-02
6.645333766937255859e-02
7.186660170555114746e-02
7.378522306680679321e-02
7.650066912174224854e-02
6.908979266881942749e-02
7.497739791870117188e-02
7.987061887979507446e-02
1.151944920420646667e-01
1.604202389717102051e-01
1.873474121093750000e-01
1.962794065475463867e-01
1.626828014850616455e-01
8.405263721942901611e-02
7.324920594692230225e-02
7.501840591430664062e-02
7.407942414283752441e-02
7.149980217218399048e-02
6.019234284758567810e-02
6.562448292970657349e-02
6.539545208215713501e-02
8.277774602174758911e-02
1.366421729326248169e-01
1.430615186691284180e-01
1.593277305364608765e-01
1.539745032787322998e-01
8.378795534372329712e-02
6.842263042926788330e-02
8.109401166439056396e-02
7.738563418388366699e-02
7.439829409122467041e-02
6.586504727602005005e-02
7.571753859519958496e-02
6.448570638895034790e-02
8.542504906654357910e-02
1.134964451193809509e-01
1.190822944045066833e-01
1.404552161693572998e-01
1.214748248457908630e-01
7.121236622333526611e-02
7.496988773345947266e-02
9.193237125873565674e-02
9.320525825023651123e-02
1.007542610168457031e-01
9.192802757024765015e-02
1.377731263637542725e-01
1.047103777527809143e-01
1.565963774919509888e-01
1.494236737489700317e-01
1.955909729003906250e-01
1.961083710193634033e-01
1.445773690938949585e-01
8.755281567573547363e-02
8.420793712139129639e-02
8.149182796478271484e-02
9.078453481197357178e-02
9.600368142127990723e-02
9.071169793605804443e-02
1.062444597482681274e-01
9.402916580438613892e-02
1.385892033576965332e-01
1.302911788225173950e-01
1.817099452018737793e-01
1.906604021787643433e-01
1.632275283336639404e-01
8.758806437253952026e-02
7.831916958093643188e-02
6.903027743101119995e-02
7.232968509197235107e-02
7.774991542100906372e-02
7.323427498340606689e-02
7.555869221687316895e-02
7.644578069448471069e-02
9.165189415216445923e-02
1.288647949695587158e-01
1.301290243864059448e-01
1.269207596778869629e-01
1.111150309443473816e-01
7.471599429845809937e-02
7.425440847873687744e-02
6.899446994066238403e-02
7.529278099536895752e-02
7.679213583469390869e-02
6.586466729640960693e-02
6.950854510068893433e-02
6.774470955133438110e-02
8.872433751821517944e-02
1.490925401449203491e-01
1.276843994855880737e-01
1.250481605529785156e-01
1.281115561723709106e-01
7.964909076690673828e-02
7.038502395153045654e-02
6.934731453657150269e-02
7.451955974102020264e-02
8.319336175918579102e-02
7.398964464664459229e-02
7.918522506952285767e-02
6.903006136417388916e-02
9.324347227811813354e-02
1.327370405197143555e-01
1.411942392587661743e-01
1.550366729497909546e-01
1.331643462181091309e-01
7.669898122549057007e-02
6.638739258050918579e-02
8.850689977407455444e-02
9.733808040618896484e-02
1.033082380890846252e-01
9.336970001459121704e-02
9.561269730329513550e-02
9.239824116230010986e-02
1.166294515132904053e-01
1.380760371685028076e-01
1.678116172552108765e-01
1.583669036626815796e-01
1.220823824405670166e-01
7.272367179393768311e-02
7.133610546588897705e-02
7.253796607255935669e-02
7.050585001707077026e-02
7.376668602228164673e-02
6.988763064146041870e-02
7.455457746982574463e-02
7.398015260696411133e-02
1.007901281118392944e-01
1.536772102117538452e-01
1.452307701110839844e-01
1.485286802053451538e-01
1.443915963172912598e-01
8.224156498908996582e-02
8.642832189798355103e-02
6.995629519224166870e-02
7.807090133428573608e-02
8.269889652729034424e-02
7.135158777236938477e-02
8.020094037055969238e-02
8.417042344808578491e-02
1.208667978644371033e-01
2.068180143833160400e-01
2.393044829368591309e-01
2.494149208068847656e-01
1.785456389188766479e-01
9.565840661525726318e-02
6.366591155529022217e-02
1.316087692975997925e-01
9.861892461776733398e-02
9.540441632270812988e-02
9.908749908208847046e-02
9.759430587291717529e-02
8.696835488080978394e-02
1.135382279753684998e-01
1.580517590045928955e-01
1.609410643577575684e-01
1.574407517910003662e-01
1.297678798437118530e-01
8.928208053112030029e-02
8.057649433612823486e-02
1.206667795777320862e-01
7.822073251008987427e-02
8.264241367578506470e-02
7.911070436239242554e-02
8.396195620298385620e-02
7.599702477455139160e-02
8.519369363784790039e-02
1.479744017124176025e-01
1.696664094924926758e-01
1.639681458473205566e-01
1.539756655693054199e-01
7.576038688421249390e-02
7.429732382297515869e-02
1.063653752207756042e-01
9.096615016460418701e-02
9.258716553449630737e-02
8.522828668355941772e-02
8.596394956111907959e-02
9.221676737070083618e-02
1.090910360217094421e-01
1.748328208923339844e-01
2.324078530073165894e-01
2.259115278720855713e-01
2.152310460805892944e-01
1.114832460880279541e-01
7.581618428230285645e-02
1.064522415399551392e-01
1.023004874587059021e-01
1.094529703259468079e-01
1.194031164050102234e-01
1.116956546902656555e-01
1.169431507587432861e-01
1.418512016534805298e-01
1.408133953809738159e-01
2.479884177446365356e-01
2.807264924049377441e-01
2.358179092407226562e-01
1.219334825873374939e-01
1.023312658071517944e-01
1.339690983295440674e-01
1.096870750188827515e-01
1.052835136651992798e-01
9.831382334232330322e-02
1.090790480375289917e-01
9.477867186069488525e-02
1.435384899377822876e-01
1.664267480373382568e-01
1.757312715053558350e-01
1.754690855741500854e-01
1.383981704711914062e-01
7.782594859600067139e-02
7.089389115571975708e-02
8.858852088451385498e-02
9.128222614526748657e-02
9.219898283481597900e-02
8.027353882789611816e-02
9.025191515684127808e-02
8.401041477918624878e-02
1.252440810203552246e-01
1.705708801746368408e-01
1.928770691156387329e-01
1.993171423673629761e-01
1.535532027482986450e-01
8.219416439533233643e-02
7.169567793607711792e-02
1.188528537750244141e-01
1.035381406545639038e-01
1.058281883597373962e-01
8.852155506610870361e-02
1.044192463159561157e-01
9.754541516304016113e-02
1.185564622282981873e-01
1.498833298683166504e-01
1.528332382440567017e-01
1.490013748407363892e-01
1.370564699172973633e-01
8.675152063369750977e-02
7.218812406063079834e-02
8.093427866697311401e-02
8.687389642000198364e-02
9.389100968837738037e-02
7.920318841934204102e-02
8.804250508546829224e-02
8.076320588588714600e-02
1.144709363579750061e-01
1.332183480262756348e-01
2.126886546611785889e-01
2.359703481197357178e-01
2.022420018911361694e-01
9.883576631546020508e-02
7.325062155723571777e-02
7.148429006338119507e-02
7.543563842773437500e-02
7.855414599180221558e-02
7.318213582038879395e-02
8.108756691217422485e-02
7.580779492855072021e-02
1.014133989810943604e-01
1.256181001663208008e-01
1.838763952255249023e-01
1.922971010208129883e-01
1.452762335538864136e-01
7.499135285615921021e-02
7.441034168004989624e-02
7.353185862302780151e-02
7.545722275972366333e-02
7.928318530321121216e-02
7.146001607179641724e-02
7.968377321958541870e-02
7.590547204017639160e-02
1.050591990351676941e-01
1.154539808630943298e-01
1.400717049837112427e-01
1.411584764719009399e-01
1.126201748847961426e-01
6.598941981792449951e-02
6.285345554351806641e-02
7.255876064300537109e-02
7.955735176801681519e-02
8.385117352008819580e-02
7.514646649360656738e-02
7.857433706521987915e-02
7.950804382562637329e-02
9.953844547271728516e-02
1.327889859676361084e-01
1.241053640842437744e-01
1.260459274053573608e-01
1.146619990468025208e-01
7.562326639890670776e-02
6.516081094741821289e-02
6.893175840377807617e-02
7.917281240224838257e-02
8.195580542087554932e-02
7.192844897508621216e-02
8.047302067279815674e-02
7.451499253511428833e-02
1.021562442183494568e-01
1.463385820388793945e-01
1.395094692707061768e-01
1.270518898963928223e-01
1.225953772664070129e-01
7.248234003782272339e-02
6.315890699625015259e-02
6.628270447254180908e-02
6.955673545598983765e-02
7.391903549432754517e-02
6.397917121648788452e-02
6.697702407836914062e-02
6.786261498928070068e-02
9.480371326208114624e-02
1.318384259939193726e-01
1.731796711683273315e-01
1.886695325374603271e-01
1.542638838291168213e-01
7.633610069751739502e-02
6.371412426233291626e-02
8.604592829942703247e-02
1.028770804405212402e-01
1.089034080505371094e-01
9.436490386724472046e-02
1.021507158875465393e-01
8.874308317899703979e-02
1.242413222789764404e-01
1.433907747268676758e-01
1.914944797754287720e-01
1.828890293836593628e-01
1.246498674154281616e-01
8.292965590953826904e-02
7.454784959554672241e-02
6.599944084882736206e-02
7.563297450542449951e-02
7.530104368925094604e-02
7.081477344036102295e-02
7.856281846761703491e-02
7.410693913698196411e-02
1.012554764747619629e-01
1.254536211490631104e-01
1.691889464855194092e-01
1.672976464033126831e-01
1.236273646354675293e-01
8.446174860000610352e-02
7.846286147832870483e-02
7.071295380592346191e-02
7.930154353380203247e-02
8.761235326528549194e-02
7.176306098699569702e-02
7.997655868530273438e-02
7.882175594568252563e-02
9.886523336172103882e-02
1.203892827033996582e-01
1.408273577690124512e-01
1.264453530311584473e-01
1.221083328127861023e-01
8.884624391794204712e-02
7.512271404266357422e-02
7.717349380254745483e-02
7.977741211652755737e-02
8.117178082466125488e-02
7.436513900756835938e-02
7.673016190528869629e-02
7.664678245782852173e-02
9.601148962974548340e-02
1.112277507781982422e-01
1.427593231201171875e-01
1.281979978084564209e-01
1.061297431588172913e-01
7.379628717899322510e-02
6.332849711179733276e-02
6.717646867036819458e-02
8.381294459104537964e-02
8.324468880891799927e-02
7.189431041479110718e-02
9.045414626598358154e-02
8.400260657072067261e-02
1.160274520516395569e-01
1.359076350927352905e-01
1.665411740541458130e-01
1.580545306205749512e-01
1.233474165201187134e-01
8.588975667953491211e-02
7.566897571086883545e-02
9.004621207714080811e-02
1.079669669270515442e-01
1.098644360899925232e-01
9.405042976140975952e-02
1.014876812696456909e-01
9.723835438489913940e-02
1.252113580703735352e-01
1.482774913311004639e-01
1.929820477962493896e-01
1.908687204122543335e-01
1.333841383457183838e-01
9.522195905447006226e-02
7.905133813619613647e-02
1.185452938079833984e-01
1.183950677514076233e-01
1.203898191452026367e-01
1.006573885679244995e-01
1.151165515184402466e-01
1.030301898717880249e-01
1.412926316261291504e-01
1.496069878339767456e-01
2.232589274644851685e-01
2.137439697980880737e-01
1.355486512184143066e-01
8.948988467454910278e-02
7.564651966094970703e-02
7.200393080711364746e-02
7.517746090888977051e-02
7.833032310009002686e-02
7.291693240404129028e-02
8.130012452602386475e-02
7.257515937089920044e-02
1.075218766927719116e-01
1.377677917480468750e-01
2.061706185340881348e-01
2.299389392137527466e-01
1.822527796030044556e-01
1.436835080385208130e-01
9.370701760053634644e-02
7.257422059774398804e-02
7.660622894763946533e-02
7.924910634756088257e-02
7.078161090612411499e-02
7.509364187717437744e-02
7.360520213842391968e-02
9.674541652202606201e-02
9.612326323986053467e-02
1.249846965074539185e-01
1.220490559935569763e-01
1.057519391179084778e-01
6.796644628047943115e-02
5.901046097278594971e-02
6.369885057210922241e-02
7.197877019643783569e-02
7.278905063867568970e-02
6.474885344505310059e-02
7.138118147850036621e-02
6.515333056449890137e-02
9.206879884004592896e-02
1.031025126576423645e-01
1.398704946041107178e-01
1.505209505558013916e-01
1.139062717556953430e-01
7.425140589475631714e-02
5.869858711957931519e-02
6.935087591409683228e-02
7.840009778738021851e-02
8.714423328638076782e-02
7.709979265928268433e-02
8.365220576524734497e-02
8.104459941387176514e-02
1.029502153396606445e-01
1.196515709161758423e-01
1.282041817903518677e-01
1.187072023749351501e-01
1.000721901655197144e-01
7.011911273002624512e-02
7.631651312112808228e-02
7.575508207082748413e-02
8.032854646444320679e-02
8.886902034282684326e-02
7.264914363622665405e-02
9.420571476221084595e-02
9.471783787012100220e-02
1.077527254819869995e-01
1.195551231503486633e-01
1.558751612901687622e-01
1.498232781887054443e-01
1.097113862633705139e-01
8.459984511137008667e-02
7.934944331645965576e-02
1.047806516289710999e-01
1.126734539866447449e-01
1.225735396146774292e-01
1.140102222561836243e-01
1.105874478816986084e-01
1.149028614163398743e-01
1.598580628633499146e-01
2.245694696903228760e-01
1.995169669389724731e-01
1.795189529657363892e-01
1.607330888509750366e-01
1.307576298713684082e-01
1.011339724063873291e-01
1.445554941892623901e-01
1.352210789918899536e-01
1.357489526271820068e-01
1.202593073248863220e-01
1.297254115343093872e-01
1.209345757961273193e-01
1.438937038183212280e-01
1.385909765958786011e-01
1.491631418466567993e-01
1.433903574943542480e-01
1.107178851962089539e-01
8.939912170171737671e-02
8.723868429660797119e-02
9.666655957698822021e-02
1.044303327798843384e-01
1.056567281484603882e-01
9.453341364860534668e-02
1.031925976276397705e-01
9.682096540927886963e-02
1.128366217017173767e-01
1.344073265790939331e-01
1.495133042335510254e-01
1.578694432973861694e-01
1.326830387115478516e-01
8.773751556873321533e-02
7.736639678478240967e-02
6.429293751716613770e-02
7.131930440664291382e-02
7.493887841701507568e-02
7.179200649261474609e-02
7.945602387189865112e-02
7.564293593168258667e-02
9.032730758190155029e-02
1.055471003055572510e-01
1.428773552179336548e-01
1.348328590393066406e-01
1.070016175508499146e-01
7.190228253602981567e-02
5.968973413109779358e-02
1.158394664525985718e-01
1.029777079820632935e-01
1.034968718886375427e-01
8.799615502357482910e-02
1.006836369633674622e-01
8.750101178884506226e-02
1.248716413974761963e-01
1.177862063050270081e-01
1.548744738101959229e-01
1.512216776609420776e-01
9.995557367801666260e-02
7.134325057268142700e-02
5.990118160843849182e-02
6.710133701562881470e-02
7.264678925275802612e-02
7.376667857170104980e-02
6.489389389753341675e-02
7.555066049098968506e-02
7.166777551174163818e-02
8.693002909421920776e-02
1.085053309798240662e-01
1.291263997554779053e-01
1.284893453121185303e-01
1.046197041869163513e-01
7.966354489326477051e-02
7.358852773904800415e-02
7.980912923812866211e-02
8.068130165338516235e-02
8.010534197092056274e-02
7.026547193527221680e-02
7.382002472877502441e-02
7.313069701194763184e-02
8.980324864387512207e-02
1.461162567138671875e-01
1.950979381799697876e-01
2.113635241985321045e-01
1.576195061206817627e-01
1.157943010330200195e-01
8.299428224563598633e-02
7.315077632665634155e-02
7.952886074781417847e-02
8.498131483793258667e-02
7.613260298967361450e-02
8.335656672716140747e-02
7.655771076679229736e-02
9.084857255220413208e-02
1.559261530637741089e-01
2.087231576442718506e-01
2.194277644157409668e-01
1.658628135919570923e-01
1.667313277721405029e-01
6.606992334127426147e-02
7.934237271547317505e-02
8.713147789239883423e-02
9.171421080827713013e-02
8.074153959751129150e-02
9.033147990703582764e-02
8.407475054264068604e-02
1.220926642417907715e-01
1.234760209918022156e-01
1.847192943096160889e-01
1.836324930191040039e-01
1.268440932035446167e-01
7.682158797979354858e-02
7.678563892841339111e-02
1.081805005669593811e-01
9.869839251041412354e-02
1.035129204392433167e-01
9.116087108850479126e-02
9.204050153493881226e-02
8.474071323871612549e-02
1.027400940656661987e-01
1.334456354379653931e-01
1.618030816316604614e-01
1.563567817211151123e-01
1.195418909192085266e-01
8.497218787670135498e-02
7.731665670871734619e-02
9.827197343111038208e-02
1.011071801185607910e-01
1.088765040040016174e-01
8.500991761684417725e-02
1.000446975231170654e-01
8.816992491483688354e-02
1.412101835012435913e-01
1.792377084493637085e-01
2.283159345388412476e-01
2.430911660194396973e-01
1.726132184267044067e-01
1.027618572115898132e-01
8.133751153945922852e-02
6.736861169338226318e-02
7.864968478679656982e-02
8.993249386548995972e-02
7.688763737678527832e-02
8.639105409383773804e-02
9.233794361352920532e-02
1.234031617641448975e-01
1.225772574543952942e-01
1.782632768154144287e-01
1.790970116853713989e-01
1.261440366506576538e-01
7.875794172286987305e-02
6.456425786018371582e-02
7.415410131216049194e-02
7.972163707017898560e-02
8.217719942331314087e-02
7.553256303071975708e-02
7.962978631258010864e-02
7.988362759351730347e-02
1.191860362887382507e-01
1.693599224090576172e-01
2.351145297288894653e-01
2.583115696907043457e-01
1.771066486835479736e-01
9.102942794561386108e-02
8.254253864288330078e-02
7.673423737287521362e-02
8.440966159105300903e-02
8.907631039619445801e-02
8.298164606094360352e-02
8.889918774366378784e-02
8.506286144256591797e-02
9.526882320642471313e-02
1.611188650131225586e-01
1.993320435285568237e-01
2.614277899265289307e-01
2.127026766538619995e-01
9.769827127456665039e-02
8.643958717584609985e-02
6.802994757890701294e-02
8.018022775650024414e-02
8.164414018392562866e-02
7.993431389331817627e-02
8.250071108341217041e-02
7.856880128383636475e-02
9.028889983892440796e-02
1.005098521709442139e-01
1.003676429390907288e-01
7.818960398435592651e-02
8.019268512725830078e-02
8.715925365686416626e-02
6.361555308103561401e-02
7.113528251647949219e-02
7.930454611778259277e-02
8.787159621715545654e-02
7.577251642942428589e-02
8.318329602479934692e-02
7.410988211631774902e-02
8.538894355297088623e-02
1.044514924287796021e-01
1.035123094916343689e-01
7.968401163816452026e-02
8.680201321840286255e-02
8.233305811882019043e-02
5.908621102571487427e-02
1.010095104575157166e-01
8.317302167415618896e-02
8.073918521404266357e-02
6.447292119264602661e-02
6.975477933883666992e-02
7.300930470228195190e-02
1.402613967657089233e-01
1.369034200906753540e-01
1.834537833929061890e-01
1.373454779386520386e-01
1.023666188120841980e-01
6.922227889299392700e-02
7.335434108972549438e-02
