5.472773686051368713e-02
5.847943574190139771e-02
6.159099563956260681e-02
6.319589912891387939e-02
7.142150402069091797e-02
5.297877639532089233e-02
6.038422510027885437e-02
6.195568293333053589e-02
6.288850307464599609e-02
6.846936792135238647e-02
6.028719618916511536e-02
6.248626857995986938e-02
6.701422482728958130e-02
6.961521506309509277e-02
7.813343405723571777e-02
5.708720907568931580e-02
7.825139909982681274e-02
6.118760630488395691e-02
6.279066205024719238e-02
8.659632503986358643e-02
5.485815554857254028e-02
6.006253138184547424e-02
5.991211161017417908e-02
6.127211451530456543e-02
6.275808811187744141e-02
5.182124301791191101e-02
5.843724682927131653e-02
6.088115647435188293e-02
6.451251357793807983e-02
6.816679984331130981e-02
5.544371530413627625e-02
6.297770142555236816e-02
6.636800616979598999e-02
7.604452967643737793e-02
7.686759531497955322e-02
5.659890547394752502e-02
6.013169139623641968e-02
6.563975661993026733e-02
6.780660152435302734e-02
7.226818799972534180e-02
5.700140818953514099e-02
6.277431547641754150e-02
6.181640177965164185e-02
6.631263345479965210e-02
7.091492414474487305e-02
5.454389750957489014e-02
5.880040675401687622e-02
6.278557330369949341e-02
6.559277325868606567e-02
7.559110224246978760e-02
5.116420611739158630e-02
5.731031671166419983e-02
5.939465016126632690e-02
6.490665674209594727e-02
6.845805794000625610e-02
6.099003180861473083e-02
6.935526430606842041e-02
6.745041906833648682e-02
6.814043968915939331e-02
7.886558771133422852e-02
5.457750335335731506e-02
5.994321778416633606e-02
6.034401804208755493e-02
6.621519476175308228e-02
7.146065682172775269e-02
5.512190237641334534e-02
5.957744270563125610e-02
5.912791937589645386e-02
6.273762881755828857e-02
6.629340350627899170e-02
5.506869032979011536e-02
5.808766186237335205e-02
5.944388732314109802e-02
6.706350296735763550e-02
7.549868524074554443e-02
5.328251421451568604e-02
6.161938607692718506e-02
6.262517720460891724e-02
6.705074012279510498e-02
7.057093083858489990e-02
5.234407633543014526e-02
6.281433254480361938e-02
6.410656869411468506e-02
6.623749434947967529e-02
6.888906657695770264e-02
5.757001042366027832e-02
6.508144736289978027e-02
6.118426844477653503e-02
7.049895823001861572e-02
7.373489439487457275e-02
5.201094225049018860e-02
5.449789017438888550e-02
5.720186233520507812e-02
6.114315241575241089e-02
6.140257418155670166e-02
5.154548957943916321e-02
5.792860314249992371e-02
6.080972775816917419e-02
6.342311203479766846e-02
6.625004857778549194e-02
5.187334492802619934e-02
5.554101243615150452e-02
5.712588876485824585e-02
6.122728064656257629e-02
6.946056336164474487e-02
5.578270554542541504e-02
5.594848096370697021e-02
6.347508728504180908e-02
7.076307386159896851e-02
7.620912790298461914e-02
5.359888449311256409e-02
5.708005279302597046e-02
6.092583015561103821e-02
6.006643921136856079e-02
6.503508239984512329e-02
5.789243057370185852e-02
6.355685740709304810e-02
6.286377459764480591e-02
6.778408586978912354e-02
7.564349472522735596e-02
5.779013037681579590e-02
6.103292852640151978e-02
6.019245833158493042e-02
6.289184838533401489e-02
7.811479270458221436e-02
4.988309741020202637e-02
5.700105801224708557e-02
5.699218809604644775e-02
6.441108137369155884e-02
6.839298456907272339e-02
4.908914119005203247e-02
5.089418217539787292e-02
5.681728199124336243e-02
5.902192741632461548e-02
5.969057604670524597e-02
4.951228201389312744e-02
5.395688489079475403e-02
5.737491697072982788e-02
6.212703883647918701e-02
6.235839053988456726e-02
5.283722281455993652e-02
6.081023067235946655e-02
6.445246934890747070e-02
6.810311228036880493e-02
7.042160630226135254e-02
5.316244810819625854e-02
5.568373575806617737e-02
6.323161721229553223e-02
7.601832598447799683e-02
7.015264034271240234e-02
5.956076085567474365e-02
6.871785223484039307e-02
6.527364253997802734e-02
6.565608084201812744e-02
8.132919669151306152e-02
5.465247109532356262e-02
6.175370514392852783e-02
6.573911756277084351e-02
6.854020804166793823e-02
6.811748445034027100e-02
5.245259776711463928e-02
6.180839613080024719e-02
6.747555732727050781e-02
7.253340631723403931e-02
7.218989729881286621e-02
4.698933660984039307e-02
5.365844070911407471e-02
5.537636950612068176e-02
6.125140190124511719e-02
6.380065530538558960e-02
4.954416677355766296e-02
5.458314344286918640e-02
5.767340958118438721e-02
6.374514102935791016e-02
6.003034114837646484e-02
4.685533419251441956e-02
5.132766440510749817e-02
5.579509586095809937e-02
5.761530250310897827e-02
5.991353094577789307e-02
4.971947520971298218e-02
5.230975896120071411e-02
5.542555451393127441e-02
5.509834364056587219e-02
5.915952473878860474e-02
4.879354685544967651e-02
5.466784536838531494e-02
5.836418271064758301e-02
6.322889029979705811e-02
6.579867005348205566e-02
5.071913078427314758e-02
5.660535395145416260e-02
6.223213300108909607e-02
6.111755222082138062e-02
7.286806404590606689e-02
5.405540391802787781e-02
5.726899206638336182e-02
6.034621968865394592e-02
6.798037886619567871e-02
6.747952103614807129e-02
4.659439250826835632e-02
5.364467203617095947e-02
5.639730393886566162e-02
5.761781334877014160e-02
6.046031415462493896e-02
4.934960231184959412e-02
5.442788079380989075e-02
5.783925577998161316e-02
5.846664682030677795e-02
6.032570451498031616e-02
5.116601288318634033e-02
5.859897658228874207e-02
5.963243544101715088e-02
6.099688261747360229e-02
6.099583208560943604e-02
5.263013020157814026e-02
5.848870053887367249e-02
5.921816825866699219e-02
6.558305025100708008e-02
6.635225564241409302e-02
5.302126333117485046e-02
5.865266919136047363e-02
5.938163027167320251e-02
6.308460980653762817e-02
6.836748123168945312e-02
6.122850999236106873e-02
7.334113121032714844e-02
6.752339005470275879e-02
7.359844446182250977e-02
8.229582011699676514e-02
4.933399707078933716e-02
5.469890311360359192e-02
5.599080398678779602e-02
6.235537678003311157e-02
6.141052767634391785e-02
5.359084159135818481e-02
5.445422977209091187e-02
5.788267776370048523e-02
6.757573783397674561e-02
6.477865576744079590e-02
4.658273980021476746e-02
4.864093288779258728e-02
5.444091558456420898e-02
6.044090539216995239e-02
6.062403693795204163e-02
4.933121800422668457e-02
5.499462783336639404e-02
5.877891182899475098e-02
6.771042943000793457e-02
6.640738248825073242e-02
5.161383375525474548e-02
5.863396078348159790e-02
5.898056551814079285e-02
7.374228537082672119e-02
7.249767333269119263e-02
5.636345595121383667e-02
6.274280697107315063e-02
6.295966356992721558e-02
6.432695686817169189e-02
7.646626979112625122e-02
4.881910979747772217e-02
5.393827334046363831e-02
5.606932193040847778e-02
5.848487466573715210e-02
6.278655678033828735e-02
5.198337137699127197e-02
5.554891377687454224e-02
5.476381629705429077e-02
5.374510213732719421e-02
6.237409263849258423e-02
5.080548673868179321e-02
5.709438771009445190e-02
6.105922907590866089e-02
5.702852457761764526e-02
5.977613478899002075e-02
6.020243093371391296e-02
6.229817494750022888e-02
6.248902529478073120e-02
6.274370104074478149e-02
7.074546813964843750e-02
5.399327725172042847e-02
5.669860541820526123e-02
5.843331292271614075e-02
6.292758136987686157e-02
6.800981611013412476e-02
6.105280295014381409e-02
7.101181894540786743e-02
6.609093397855758667e-02
6.760254502296447754e-02
8.087086677551269531e-02
5.406648665666580200e-02
6.107445433735847473e-02
5.780055746436119080e-02
6.120844930410385132e-02
6.922274082899093628e-02
5.366272106766700745e-02
6.221099197864532471e-02
6.114448979496955872e-02
6.468433886766433716e-02
6.815273314714431763e-02
5.106751620769500732e-02
5.707705765962600708e-02
5.934061855077743530e-02
6.326561421155929565e-02
6.817992031574249268e-02
5.011769011616706848e-02
5.154211074113845825e-02
5.797755718231201172e-02
5.971425771713256836e-02
6.260366737842559814e-02
5.968985706567764282e-02
6.554939597845077515e-02
6.885951012372970581e-02
6.801918148994445801e-02
7.386254519224166870e-02
6.473546475172042847e-02
7.836838811635971069e-02
7.149981707334518433e-02
7.687103003263473511e-02
9.387966245412826538e-02
5.894151702523231506e-02
6.822919845581054688e-02
6.292644143104553223e-02
6.196624040603637695e-02
6.962032616138458252e-02
5.119067057967185974e-02
5.644923821091651917e-02
5.761169269680976868e-02
5.801164358854293823e-02
6.378819793462753296e-02
5.413375422358512878e-02
5.783095583319664001e-02
6.075685471296310425e-02
6.300609558820724487e-02
6.725111603736877441e-02
5.376151576638221741e-02
5.777165293693542480e-02
6.345740705728530884e-02
6.524299085140228271e-02
6.634358316659927368e-02
5.553753301501274109e-02
5.974845588207244873e-02
5.707824602723121643e-02
6.267280131578445435e-02
6.733888387680053711e-02
5.965612083673477173e-02
6.521378457546234131e-02
5.808446556329727173e-02
6.347926706075668335e-02
7.739442586898803711e-02
5.133505538105964661e-02
5.456335842609405518e-02
5.873040854930877686e-02
5.918022245168685913e-02
6.187044084072113037e-02
5.098036676645278931e-02
5.674396827816963196e-02
5.731585994362831116e-02
6.593287736177444458e-02
6.697425991296768188e-02
6.043016165494918823e-02
6.953184306621551514e-02
6.589739769697189331e-02
7.540351897478103638e-02
8.335576951503753662e-02
5.004022270441055298e-02
5.845795199275016785e-02
5.650456994771957397e-02
5.778933316469192505e-02
6.552270054817199707e-02
4.781617224216461182e-02
5.026648193597793579e-02
5.194201320409774780e-02
5.234487727284431458e-02
5.489339679479598999e-02
5.571305379271507263e-02
6.213524937629699707e-02
6.281328201293945312e-02
6.585860252380371094e-02
6.687711924314498901e-02
5.800872668623924255e-02
6.090688705444335938e-02
5.559821426868438721e-02
6.286637485027313232e-02
7.408919185400009155e-02
4.684920236468315125e-02
5.216938629746437073e-02
5.750162526965141296e-02
6.510619074106216431e-02
6.121032312512397766e-02
4.962307587265968323e-02
5.285646766424179077e-02
5.706384405493736267e-02
6.238193064928054810e-02
6.382326036691665649e-02
4.410955309867858887e-02
4.854638502001762390e-02
5.243885144591331482e-02
5.580984055995941162e-02
5.663083493709564209e-02
