5.475045368075370789e-02
6.524412333965301514e-02
6.658628582954406738e-02
8.447332680225372314e-02
7.423543930053710938e-02
7.101008296012878418e-02
6.296720355749130249e-02
6.483457237482070923e-02
5.646158009767532349e-02
7.305241376161575317e-02
8.297048509120941162e-02
9.914921224117279053e-02
7.965803891420364380e-02
7.247018814086914062e-02
6.849724054336547852e-02
6.787411868572235107e-02
5.289994552731513977e-02
6.318344920873641968e-02
7.090134918689727783e-02
8.608722686767578125e-02
7.643649727106094360e-02
7.629737257957458496e-02
6.622084975242614746e-02
6.576409935951232910e-02
6.917510181665420532e-02
9.798385202884674072e-02
1.112217754125595093e-01
1.181929036974906921e-01
1.042059659957885742e-01
1.026771888136863708e-01
8.390395343303680420e-02
7.436508685350418091e-02
4.865574091672897339e-02
6.199816986918449402e-02
7.502821087837219238e-02
7.741566002368927002e-02
7.609073072671890259e-02
7.929404079914093018e-02
6.261425465345382690e-02
5.538397654891014099e-02
4.405958950519561768e-02
5.190216377377510071e-02
6.159338727593421936e-02
7.048185169696807861e-02
6.666728854179382324e-02
6.912846863269805908e-02
5.487442389130592346e-02
5.341440811753273010e-02
5.456091463565826416e-02
6.124990433454513550e-02
7.597091794013977051e-02
7.906349003314971924e-02
6.900413334369659424e-02
6.937545537948608398e-02
5.984048172831535339e-02
5.932429060339927673e-02
4.867790266871452332e-02
5.850119516253471375e-02
6.266214698553085327e-02
8.268311619758605957e-02
7.283896952867507935e-02
7.538444548845291138e-02
5.389491468667984009e-02
5.206046625971794128e-02
5.291396006941795349e-02
6.591957062482833862e-02
8.285126090049743652e-02
8.505315333604812622e-02
7.812205702066421509e-02
7.658065110445022583e-02
6.340118497610092163e-02
6.300175935029983521e-02
4.490357637405395508e-02
5.766843631863594055e-02
6.138613075017929077e-02
6.134424358606338501e-02
6.476359069347381592e-02
7.441364973783493042e-02
6.137875467538833618e-02
5.931250005960464478e-02
4.958147183060646057e-02
5.961651355028152466e-02
6.865458190441131592e-02
8.128643780946731567e-02
7.606779783964157104e-02
7.495786249637603760e-02
6.455380469560623169e-02
6.113393977284431458e-02
5.625585466623306274e-02
6.732361763715744019e-02
8.001746982336044312e-02
8.621556311845779419e-02
7.520677894353866577e-02
7.013054937124252319e-02
6.624081730842590332e-02
5.611627176403999329e-02
4.577793926000595093e-02
5.484703183174133301e-02
6.588006019592285156e-02
7.187440991401672363e-02
6.823251396417617798e-02
6.612502783536911011e-02
6.402647495269775391e-02
5.699674785137176514e-02
5.090792477130889893e-02
6.029572710394859314e-02
6.830491870641708374e-02
9.210779517889022827e-02
7.189136743545532227e-02
6.899379938840866089e-02
6.345363706350326538e-02
5.827904492616653442e-02
4.919007048010826111e-02
5.591158568859100342e-02
6.679884344339370728e-02
7.684271037578582764e-02
7.053460925817489624e-02
7.386569678783416748e-02
6.044094264507293701e-02
5.465320125222206116e-02
5.175805464386940002e-02
6.647048890590667725e-02
7.750947773456573486e-02
8.533896505832672119e-02
7.886955142021179199e-02
8.221341669559478760e-02
6.667978316545486450e-02
5.516028776764869690e-02
5.114045366644859314e-02
5.826918408274650574e-02
7.286548614501953125e-02
7.499783486127853394e-02
6.989454478025436401e-02
7.152087241411209106e-02
6.146515905857086182e-02
5.912227183580398560e-02
5.315825715661048889e-02
6.341335177421569824e-02
8.293090015649795532e-02
8.214891701936721802e-02
8.056820929050445557e-02
7.617807388305664062e-02
6.117244064807891846e-02
5.681306496262550354e-02
4.690933600068092346e-02
5.662311613559722900e-02
6.530552357435226440e-02
7.798667252063751221e-02
6.531136482954025269e-02
6.845781207084655762e-02
6.562221050262451172e-02
5.422297865152359009e-02
4.732974991202354431e-02
5.383909121155738831e-02
6.080600991845130920e-02
6.848941743373870850e-02
6.442355364561080933e-02
6.501848995685577393e-02
5.985045433044433594e-02
5.428215861320495605e-02
4.423049837350845337e-02
5.150402709841728210e-02
5.828702077269554138e-02
6.537404656410217285e-02
6.061070784926414490e-02
6.493373215198516846e-02
5.779521912336349487e-02
5.249915644526481628e-02
4.311346635222434998e-02
5.085003376007080078e-02
5.487753823399543762e-02
6.408194452524185181e-02
6.037610396742820740e-02
6.424904614686965942e-02
5.579136684536933899e-02
4.663223028182983398e-02
4.579770937561988831e-02
5.264492332935333252e-02
5.897312611341476440e-02
6.652363389730453491e-02
6.240564957261085510e-02
6.307081878185272217e-02
5.821666866540908813e-02
5.413498729467391968e-02
5.152688547968864441e-02
6.051031872630119324e-02
7.440740615129470825e-02
9.721486270427703857e-02
8.107264339923858643e-02
8.201749622821807861e-02
6.197508424520492554e-02
5.925492197275161743e-02
5.231767520308494568e-02
5.489334836602210999e-02
6.777795404195785522e-02
7.954873889684677124e-02
6.980400532484054565e-02
7.710950821638107300e-02
6.084737926721572876e-02
5.370876193046569824e-02
4.885486885905265808e-02
5.505175888538360596e-02
6.669908016920089722e-02
7.552592456340789795e-02
6.933550536632537842e-02
7.041669636964797974e-02
5.596235021948814392e-02
5.273943394422531128e-02
4.415411874651908875e-02
5.230642482638359070e-02
6.360148638486862183e-02
7.306088507175445557e-02
6.354961544275283813e-02
6.480325758457183838e-02
5.079219490289688110e-02
5.093400552868843079e-02
4.420101642608642578e-02
5.204211547970771790e-02
6.065198034048080444e-02
7.290120422840118408e-02
6.487471610307693481e-02
6.570959836244583130e-02
5.924284830689430237e-02
5.367886647582054138e-02
5.275106430053710938e-02
6.086434423923492432e-02
6.803994625806808472e-02
7.308065891265869141e-02
6.601694971323013306e-02
6.406339257955551147e-02
6.044488027691841125e-02
5.705337598919868469e-02
4.503325000405311584e-02
5.230333283543586731e-02
5.826970189809799194e-02
6.488885730504989624e-02
6.613522022962570190e-02
6.983882933855056763e-02
5.290113016963005066e-02
5.239829421043395996e-02
5.409940704703330994e-02
5.973660573363304138e-02
7.567961513996124268e-02
8.262033015489578247e-02
7.283912599086761475e-02
7.615531235933303833e-02
5.569184571504592896e-02
5.467223748564720154e-02
4.761762544512748718e-02
5.960004776716232300e-02
6.892110407352447510e-02
7.696777582168579102e-02
6.674364954233169556e-02
7.124187797307968140e-02
5.375880002975463867e-02
4.861010983586311340e-02
4.545965045690536499e-02
4.961353167891502380e-02
5.993802472949028015e-02
5.930398404598236084e-02
5.806525051593780518e-02
6.063016504049301147e-02
5.222240462899208069e-02
4.746289551258087158e-02
4.237038642168045044e-02
5.281319469213485718e-02
6.037976965308189392e-02
6.694664061069488525e-02
6.031110510230064392e-02
5.957725271582603455e-02
5.080308020114898682e-02
4.794644191861152649e-02
4.171561449766159058e-02
4.978282377123832703e-02
5.734623596072196960e-02
6.708535552024841309e-02
6.127532944083213806e-02
5.976666137576103210e-02
5.100853368639945984e-02
4.774083569645881653e-02
4.451256990432739258e-02
5.236870422959327698e-02
6.132133305072784424e-02
6.400104612112045288e-02
5.849581584334373474e-02
6.149294972419738770e-02
4.899831488728523254e-02
4.852764308452606201e-02
4.575314372777938843e-02
5.451610684394836426e-02
5.700830370187759399e-02
7.334165275096893311e-02
7.321503013372421265e-02
7.316032797098159790e-02
5.115027353167533875e-02
4.888806864619255066e-02
4.623043164610862732e-02
5.470019578933715820e-02
6.558588892221450806e-02
7.771249860525131226e-02
6.497803330421447754e-02
7.256675511598587036e-02
5.187940597534179688e-02
4.842358082532882690e-02
4.865385591983795166e-02
5.733914300799369812e-02
6.856205314397811890e-02
7.296476513147354126e-02
6.732232868671417236e-02
6.492226570844650269e-02
5.096696317195892334e-02
4.639884084463119507e-02
4.645281285047531128e-02
4.983977973461151123e-02
5.654546990990638733e-02
6.793982535600662231e-02
6.368356198072433472e-02
6.275493651628494263e-02
5.092725157737731934e-02
5.135771632194519043e-02
4.308389499783515930e-02
5.374898761510848999e-02
5.617722123861312866e-02
6.630422174930572510e-02
6.292322278022766113e-02
6.314293295145034790e-02
5.219786986708641052e-02
4.684090986847877502e-02
4.357045143842697144e-02
5.140058323740959167e-02
6.636833399534225464e-02
6.399443745613098145e-02
5.965051800012588501e-02
6.154500320553779602e-02
4.609214514493942261e-02
4.521319642663002014e-02
4.599795863032341003e-02
5.092138797044754028e-02
5.920221656560897827e-02
6.645669788122177124e-02
6.499208509922027588e-02
6.288571655750274658e-02
4.894472286105155945e-02
5.253706127405166626e-02
4.719997942447662354e-02
5.329593271017074585e-02
6.230125203728675842e-02
7.600489258766174316e-02
6.864987313747406006e-02
7.239556312561035156e-02
5.831255763769149780e-02
5.557862669229507446e-02
4.709660634398460388e-02
5.351505428552627563e-02
6.602708995342254639e-02
7.069344818592071533e-02
7.163412123918533325e-02
7.026260346174240112e-02
5.590092018246650696e-02
5.205578729510307312e-02
5.835608765482902527e-02
6.861940026283264160e-02
8.161955326795578003e-02
8.891633898019790649e-02
7.645450532436370850e-02
7.370392978191375732e-02
6.211843714118003845e-02
5.745400115847587585e-02
4.964952170848846436e-02
5.854760110378265381e-02
6.705768406391143799e-02
8.536263555288314819e-02
6.624948233366012573e-02
6.604406237602233887e-02
5.566607415676116943e-02
5.317589640617370605e-02
4.317768663167953491e-02
4.746038839221000671e-02
5.330821126699447632e-02
5.807472392916679382e-02
5.701130628585815430e-02
6.307132542133331299e-02
4.951695725321769714e-02
4.749917611479759216e-02
4.266931489109992981e-02
5.025153979659080505e-02
5.864285677671432495e-02
6.300227344036102295e-02
5.555357784032821655e-02
6.340447813272476196e-02
5.000491812825202942e-02
4.589332267642021179e-02
4.473606869578361511e-02
5.233427137136459351e-02
6.051070988178253174e-02
6.600768864154815674e-02
6.339486688375473022e-02
6.783089041709899902e-02
5.014349520206451416e-02
4.729873314499855042e-02
4.275941848754882812e-02
5.184289813041687012e-02
5.955673009157180786e-02
7.018131762742996216e-02
6.067457795143127441e-02
5.861924588680267334e-02
4.732704907655715942e-02
4.460251703858375549e-02
4.233519360423088074e-02
4.920538514852523804e-02
5.616325139999389648e-02
6.159892305731773376e-02
6.735849380493164062e-02
6.904339790344238281e-02
5.045838654041290283e-02
4.899575561285018921e-02
4.813754931092262268e-02
5.979897081851959229e-02
7.271640747785568237e-02
8.787807077169418335e-02
7.076953351497650146e-02
8.004777133464813232e-02
5.770017206668853760e-02
5.085221305489540100e-02
4.360614344477653503e-02
5.689908191561698914e-02
6.904602050781250000e-02
7.237073034048080444e-02
7.232796400785446167e-02
8.200170844793319702e-02
6.763979792594909668e-02
5.759645253419876099e-02
4.673342406749725342e-02
5.210935324430465698e-02
6.190307810902595520e-02
6.917560845613479614e-02
6.975456327199935913e-02
7.859760522842407227e-02
6.694193184375762939e-02
5.617073178291320801e-02
5.641714856028556824e-02
6.341659277677536011e-02
7.664648443460464478e-02
8.433958142995834351e-02
9.018411487340927124e-02
1.007018461823463440e-01
7.532994449138641357e-02
6.895401328802108765e-02
4.601293429732322693e-02
5.596185475587844849e-02
6.740502268075942993e-02
7.373066991567611694e-02
7.212921231985092163e-02
7.501190155744552612e-02
5.632290989160537720e-02
4.839438199996948242e-02
4.934826865792274475e-02
6.175332143902778625e-02
7.565997540950775146e-02
9.736686199903488159e-02
8.777160942554473877e-02
8.218786120414733887e-02
6.374212354421615601e-02
5.598992481827735901e-02
5.145828798413276672e-02
6.788299232721328735e-02
7.313145697116851807e-02
8.266405016183853149e-02
8.052150905132293701e-02
8.442496508359909058e-02
6.902713328599929810e-02
5.568334460258483887e-02
4.789955914020538330e-02
5.045595020055770874e-02
5.855594575405120850e-02
6.557617336511611938e-02
6.202571839094161987e-02
6.100582703948020935e-02
6.212871521711349487e-02
5.358553677797317505e-02
4.619028791785240173e-02
5.360432714223861694e-02
6.214824691414833069e-02
7.552495598793029785e-02
6.556238234043121338e-02
6.737673282623291016e-02
5.769222602248191833e-02
5.343533307313919067e-02
4.695109650492668152e-02
5.442176759243011475e-02
5.557520687580108643e-02
7.992745935916900635e-02
7.084162533283233643e-02
7.585941255092620850e-02
6.357723474502563477e-02
5.687659606337547302e-02
5.797229707241058350e-02
6.994177401065826416e-02
7.917205244302749634e-02
9.434955567121505737e-02
8.942455798387527466e-02
9.778349101543426514e-02
7.474400848150253296e-02
6.848527491092681885e-02
6.645838171243667603e-02
8.374065905809402466e-02
1.025678515434265137e-01
1.261417418718338013e-01
8.783044666051864624e-02
8.327049016952514648e-02
7.746261358261108398e-02
6.489422172307968140e-02
5.399655550718307495e-02
6.666391342878341675e-02
8.167890459299087524e-02
8.629935979843139648e-02
8.241256326436996460e-02
8.594781905412673950e-02
6.251101940870285034e-02
5.520088598132133484e-02
4.557576030492782593e-02
5.725215375423431396e-02
7.659676671028137207e-02
7.653020322322845459e-02
7.206640392541885376e-02
7.278726994991302490e-02
5.579502880573272705e-02
4.950161278247833252e-02
4.556818306446075439e-02
5.316160619258880615e-02
6.369538605213165283e-02
6.949189305305480957e-02
6.458415091037750244e-02
7.130926102399826050e-02
5.738285183906555176e-02
5.124272406101226807e-02
4.673910140991210938e-02
5.444110184907913208e-02
6.433743983507156372e-02
7.425666600465774536e-02
6.518580019474029541e-02
6.507457047700881958e-02
5.709527060389518738e-02
5.036912113428115845e-02
4.872240126132965088e-02
5.278658121824264526e-02
6.666342169046401978e-02
7.249078899621963501e-02
6.172356009483337402e-02
6.789930909872055054e-02
5.718511343002319336e-02
4.934510588645935059e-02
5.194790661334991455e-02
6.574478745460510254e-02
6.930389255285263062e-02
7.667051255702972412e-02
6.924711912870407104e-02
6.573980301618576050e-02
6.159554794430732727e-02
4.836143925786018372e-02
4.398610070347785950e-02
5.359964817762374878e-02
6.460538506507873535e-02
8.008969575166702271e-02
6.231508776545524597e-02
6.534294039011001587e-02
5.916780233383178711e-02
5.074694007635116577e-02
4.758784174919128418e-02
5.657236650586128235e-02
6.784272938966751099e-02
7.813365757465362549e-02
7.387447357177734375e-02
7.286971062421798706e-02
5.496782809495925903e-02
5.044705420732498169e-02
5.715467780828475952e-02
6.210758909583091736e-02
7.165480405092239380e-02
9.121499210596084595e-02
7.027555257081985474e-02
6.765040755271911621e-02
5.728103592991828918e-02
5.134025961160659790e-02
5.190024897456169128e-02
5.839487537741661072e-02
7.452736794948577881e-02
9.499662369489669800e-02
7.215042412281036377e-02
7.076600193977355957e-02
5.544399842619895935e-02
5.456242337822914124e-02
4.423822090029716492e-02
4.877154901623725891e-02
5.198121443390846252e-02
5.911207571625709534e-02
5.910003557801246643e-02
5.787979066371917725e-02
4.702536389231681824e-02
4.896719381213188171e-02
4.996303096413612366e-02
6.809229403734207153e-02
7.522798329591751099e-02
9.856581687927246094e-02
6.900294870138168335e-02
6.085536256432533264e-02
5.189053341746330261e-02
5.298921093344688416e-02
4.969021677970886230e-02
6.357598304748535156e-02
7.900253683328628540e-02
7.960502058267593384e-02
7.328236103057861328e-02
7.591237872838973999e-02
6.357614696025848389e-02
5.753791332244873047e-02
4.526679962873458862e-02
4.729935899376869202e-02
5.978015065193176270e-02
5.797775834798812866e-02
5.512164533138275146e-02
5.769300460815429688e-02
4.659696295857429504e-02
5.147146061062812805e-02
4.248170182108879089e-02
4.755480960011482239e-02
5.694004520773887634e-02
5.686199292540550232e-02
5.357718840241432190e-02
5.580643564462661743e-02
4.728960245847702026e-02
4.785458743572235107e-02
4.414497688412666321e-02
4.977940022945404053e-02
5.593818798661231995e-02
6.585834920406341553e-02
7.033152133226394653e-02
7.094051688909530640e-02
5.032544955611228943e-02
4.981965944170951843e-02
