9.593755006790161133e-02
9.338426589965820312e-02
8.269532769918441772e-02
7.228238135576248169e-02
8.357029408216476440e-02
1.122154071927070618e-01
1.796438544988632202e-01
1.538124978542327881e-01
9.772244095802307129e-02
1.061217412352561951e-01
1.093896180391311646e-01
9.921853989362716675e-02
8.453843742609024048e-02
8.394142240285873413e-02
1.122104451060295105e-01
1.461755484342575073e-01
1.342968642711639404e-01
1.000672727823257446e-01
9.006845206022262573e-02
9.213973581790924072e-02
8.209400624036788940e-02
7.494901120662689209e-02
8.450626581907272339e-02
1.141342520713806152e-01
1.416797637939453125e-01
1.442872732877731323e-01
1.008877530694007874e-01
1.293923407793045044e-01
1.314501762390136719e-01
1.195536181330680847e-01
1.052917242050170898e-01
1.116009280085563660e-01
1.501609981060028076e-01
2.014296799898147583e-01
1.494327932596206665e-01
1.127013564109802246e-01
8.745459467172622681e-02
9.340224415063858032e-02
7.855226099491119385e-02
7.295808941125869751e-02
7.656008005142211914e-02
1.274115294218063354e-01
2.053259462118148804e-01
1.484145671129226685e-01
9.294044971466064453e-02
8.725357800722122192e-02
8.930839598178863525e-02
7.914008200168609619e-02
7.103276252746582031e-02
7.787261903285980225e-02
1.060858294367790222e-01
1.478583216667175293e-01
1.262934505939483643e-01
9.909112006425857544e-02
9.626328945159912109e-02
9.991920739412307739e-02
8.914674818515777588e-02
7.802940905094146729e-02
8.937291055917739868e-02
1.198110952973365784e-01
1.361631751060485840e-01
1.396711468696594238e-01
9.872492402791976929e-02
8.498365432024002075e-02
8.414094150066375732e-02
7.354401051998138428e-02
6.803432852029800415e-02
7.630357891321182251e-02
1.044104769825935364e-01
1.267715990543365479e-01
1.313975304365158081e-01
8.981555700302124023e-02
9.458091855049133301e-02
1.025910004973411560e-01
8.691108971834182739e-02
7.926319539546966553e-02
8.604670315980911255e-02
1.289687007665634155e-01
1.780290007591247559e-01
1.446990817785263062e-01
9.916114807128906250e-02
9.425929188728332520e-02
9.120043367147445679e-02
8.193577826023101807e-02
6.689131259918212891e-02
7.590853422880172729e-02
1.057765558362007141e-01
1.823956817388534546e-01
1.402538120746612549e-01
9.041126072406768799e-02
8.722616732120513916e-02
9.303621947765350342e-02
8.260279148817062378e-02
7.254096120595932007e-02
8.035290986299514771e-02
1.132026091217994690e-01
1.454407572746276855e-01
1.240855157375335693e-01
8.868357539176940918e-02
9.636154770851135254e-02
1.028505787253379822e-01
9.057389199733734131e-02
8.158779144287109375e-02
9.276601672172546387e-02
1.305712908506393433e-01
1.569216698408126831e-01
1.388446241617202759e-01
1.067625060677528381e-01
8.573369681835174561e-02
9.141042828559875488e-02
7.952364534139633179e-02
7.296595722436904907e-02
8.095681667327880859e-02
1.392407864332199097e-01
1.655113697052001953e-01
1.314727663993835449e-01
1.068798974156379700e-01
8.010224252939224243e-02
8.852502703666687012e-02
7.256211340427398682e-02
6.892704218626022339e-02
7.669115066528320312e-02
1.085858047008514404e-01
1.360657364130020142e-01
1.266682296991348267e-01
9.994944930076599121e-02
8.316373080015182495e-02
8.786506205797195435e-02
8.016817271709442139e-02
7.118807733058929443e-02
8.327251672744750977e-02
1.060375273227691650e-01
1.365589797496795654e-01
1.226852685213088989e-01
8.710785210132598877e-02
9.885165095329284668e-02
9.835135191679000854e-02
8.714400976896286011e-02
7.887476682662963867e-02
8.588104695081710815e-02
1.251921355724334717e-01
1.624367684125900269e-01
1.283505260944366455e-01
9.385301172733306885e-02
8.515470474958419800e-02
8.963840454816818237e-02
7.870896160602569580e-02
6.967659294605255127e-02
8.111179620027542114e-02
1.174960061907768250e-01
1.476484835147857666e-01
1.253899186849594116e-01
9.613289684057235718e-02
9.129707515239715576e-02
9.382838010787963867e-02
8.681968599557876587e-02
7.877404987812042236e-02
8.537747710943222046e-02
1.252445131540298462e-01
1.537680327892303467e-01
1.473815292119979858e-01
9.205315262079238892e-02
8.416306972503662109e-02
8.737186342477798462e-02
7.873445749282836914e-02
7.024010270833969116e-02
7.863388955593109131e-02
1.081199124455451965e-01
1.526724845170974731e-01
1.321107745170593262e-01
8.636011928319931030e-02
8.009766787290573120e-02
8.214954286813735962e-02
7.681013643741607666e-02
6.624440103769302368e-02
7.520204037427902222e-02
1.042280942201614380e-01
1.255169361829757690e-01
1.276362240314483643e-01
9.156792610883712769e-02
8.156799525022506714e-02
8.709815144538879395e-02
7.082193344831466675e-02
6.295866519212722778e-02
6.815882027149200439e-02
1.087924763560295105e-01
1.330784112215042114e-01
1.191367879509925842e-01
8.876501023769378662e-02
6.850849092006683350e-02
6.850953400135040283e-02
6.258515268564224243e-02
5.812760442495346069e-02
6.578588485717773438e-02
9.378452599048614502e-02
1.270111948251724243e-01
1.285396814346313477e-01
8.153361082077026367e-02
7.864845544099807739e-02
8.623403310775756836e-02
7.147437334060668945e-02
6.294392049312591553e-02
7.197907567024230957e-02
9.269867092370986938e-02
1.133384779095649719e-01
1.371380686759948730e-01
8.433619141578674316e-02
1.035801246762275696e-01
1.051130145788192749e-01
9.293145686388015747e-02
8.474710583686828613e-02
8.900479972362518311e-02
1.323982775211334229e-01
2.107255309820175171e-01
1.729747951030731201e-01
1.191450580954551697e-01
8.663694560527801514e-02
9.321112185716629028e-02
8.177854865789413452e-02
7.130851596593856812e-02
8.254183828830718994e-02
1.143279299139976501e-01
1.578800976276397705e-01
1.457044035196304321e-01
1.029205843806266785e-01
7.940607517957687378e-02
7.726380974054336548e-02
7.209111750125885010e-02
6.351025402545928955e-02
7.352592796087265015e-02
1.002557277679443359e-01
1.737457364797592163e-01
1.449014395475387573e-01
8.542846888303756714e-02
8.293212950229644775e-02
8.234257996082305908e-02
7.637128978967666626e-02
6.406013667583465576e-02
7.381577044725418091e-02
1.116961687803268433e-01
1.558384448289871216e-01
1.300538927316665649e-01
8.484765142202377319e-02
7.238816469907760620e-02
7.323554903268814087e-02
6.342148780822753906e-02
5.749981105327606201e-02
6.801609694957733154e-02
1.017083004117012024e-01
1.301653534173965454e-01
1.180742904543876648e-01
8.428788185119628906e-02
8.558344095945358276e-02
9.236676990985870361e-02
8.240156620740890503e-02
7.263556867837905884e-02
8.022133260965347290e-02
1.039472594857215881e-01
1.280735731124877930e-01
1.230622604489326477e-01
9.977067261934280396e-02
7.918608933687210083e-02
8.276823163032531738e-02
7.043926417827606201e-02
6.250984221696853638e-02
7.538893073797225952e-02
1.154795438051223755e-01
1.582022160291671753e-01
1.429472863674163818e-01
9.939090162515640259e-02
9.027777612209320068e-02
9.673968702554702759e-02
8.722919970750808716e-02
7.618763297796249390e-02
9.453051537275314331e-02
1.088485196232795715e-01
1.509619355201721191e-01
1.446430236101150513e-01
1.015119776129722595e-01
7.550545036792755127e-02
8.129789680242538452e-02
7.221854478120803833e-02
7.025448232889175415e-02
8.130598813295364380e-02
1.148032993078231812e-01
1.540108025074005127e-01
1.365413665771484375e-01
1.056324541568756104e-01
7.898826897144317627e-02
8.210501074790954590e-02
7.621772587299346924e-02
6.717284023761749268e-02
7.763306796550750732e-02
9.892806410789489746e-02
1.237467825412750244e-01
1.218325346708297729e-01
9.929491579532623291e-02
8.560211211442947388e-02
8.781964331865310669e-02
7.640226930379867554e-02
6.862466037273406982e-02
7.667429745197296143e-02
1.282451003789901733e-01
1.535572409629821777e-01
1.414790898561477661e-01
1.029281690716743469e-01
8.091385662555694580e-02
8.622566610574722290e-02
7.350779324769973755e-02
6.328292936086654663e-02
7.381263375282287598e-02
1.135313883423805237e-01
1.524078994989395142e-01
1.672139316797256470e-01
1.012195199728012085e-01
7.354094088077545166e-02
7.795659452676773071e-02
6.654286384582519531e-02
6.310577690601348877e-02
7.365667074918746948e-02
1.091879680752754211e-01
1.399643421173095703e-01
1.345949470996856689e-01
8.119789510965347290e-02
8.017737418413162231e-02
8.752357959747314453e-02
6.872138381004333496e-02
5.857368558645248413e-02
6.985957175493240356e-02
9.938833862543106079e-02
1.182449385523796082e-01
1.408875435590744019e-01
8.869300782680511475e-02
7.097154855728149414e-02
7.995785772800445557e-02
7.203268259763717651e-02
6.437105685472488403e-02
7.212054729461669922e-02
9.834884107112884521e-02
1.599867045879364014e-01
1.401954293251037598e-01
1.006042212247848511e-01
7.662410289049148560e-02
9.074467420578002930e-02
7.504408806562423706e-02
6.688729673624038696e-02
7.778607308864593506e-02
1.102966144680976868e-01
1.359258145093917847e-01
1.302570998668670654e-01
1.027369126677513123e-01
8.847930282354354858e-02
9.244882315397262573e-02
8.096159249544143677e-02
6.861322373151779175e-02
7.998603582382202148e-02
1.069649681448936462e-01
1.293165832757949829e-01
1.151831597089767456e-01
9.356031566858291626e-02
7.938209176063537598e-02
8.036518841981887817e-02
7.032270729541778564e-02
6.159658357501029968e-02
7.301634550094604492e-02
1.313546001911163330e-01
1.508745700120925903e-01
1.398052871227264404e-01
9.172323346138000488e-02
8.337914198637008667e-02
9.209726750850677490e-02
7.909982651472091675e-02
6.724143773317337036e-02
8.021312952041625977e-02
1.083997264504432678e-01
1.443408876657485962e-01
1.439222097396850586e-01
8.820071816444396973e-02
7.858207076787948608e-02
8.702723681926727295e-02
7.677416503429412842e-02
6.966406852006912231e-02
7.919467240571975708e-02
1.041092872619628906e-01
1.531032621860504150e-01
1.202993616461753845e-01
9.607286751270294189e-02
9.349912405014038086e-02
9.461320936679840088e-02
8.204419910907745361e-02
7.072054594755172729e-02
7.889994233846664429e-02
1.102092117071151733e-01
1.817113310098648071e-01
1.728132963180541992e-01
1.039433702826499939e-01
8.305610716342926025e-02
9.590622037649154663e-02
7.651364058256149292e-02
6.935813277959823608e-02
7.881926000118255615e-02
1.163291409611701965e-01
1.425542682409286499e-01
1.335465013980865479e-01
1.025354191660881042e-01
9.258640557527542114e-02
1.001325994729995728e-01
8.914353698492050171e-02
8.184990286827087402e-02
9.612702578306198120e-02
1.154972091317176819e-01
1.308849602937698364e-01
1.319001615047454834e-01
1.023355349898338318e-01
8.461333811283111572e-02
8.528845757246017456e-02
7.563123106956481934e-02
6.996938586235046387e-02
7.787736505270004272e-02
1.033832877874374390e-01
1.296972334384918213e-01
1.208203881978988647e-01
9.209072589874267578e-02
7.321037352085113525e-02
7.591856271028518677e-02
6.694019585847854614e-02
6.058070436120033264e-02
7.156488299369812012e-02
1.096830666065216064e-01
1.321783214807510376e-01
1.361170709133148193e-01
9.601262211799621582e-02
6.827255338430404663e-02
7.515458762645721436e-02
6.583043187856674194e-02
5.969551578164100647e-02
7.077337056398391724e-02
1.153445765376091003e-01
1.282132416963577271e-01
1.340802311897277832e-01
9.572676569223403931e-02
7.901232689619064331e-02
8.602821826934814453e-02
7.477679848670959473e-02
6.685953587293624878e-02
7.560504972934722900e-02
1.070826500654220581e-01
1.428690850734710693e-01
1.369541138410568237e-01
9.815786778926849365e-02
7.137490063905715942e-02
7.570192962884902954e-02
6.678564101457595825e-02
6.171457096934318542e-02
7.191583514213562012e-02
1.112093031406402588e-01
1.434537023305892944e-01
1.354272961616516113e-01
1.142072379589080811e-01
8.296000957489013672e-02
8.654384315013885498e-02
7.507081329822540283e-02
6.499358266592025757e-02
7.574075460433959961e-02
1.035405397415161133e-01
1.647430807352066040e-01
1.365949362516403198e-01
9.672107547521591187e-02
7.923220098018646240e-02
8.412760496139526367e-02
7.010783255100250244e-02
6.513135135173797607e-02
7.142511010169982910e-02
9.933569282293319702e-02
1.176458448171615601e-01
1.253484785556793213e-01
9.292740374803543091e-02
8.607892692089080811e-02
8.929373323917388916e-02
7.458515465259552002e-02
6.553833931684494019e-02
7.250925153493881226e-02
1.032172814011573792e-01
1.353168785572052002e-01
1.177184879779815674e-01
8.912233263254165649e-02
8.003478497266769409e-02
7.766551524400711060e-02
6.656263023614883423e-02
6.042230874300003052e-02
7.064799219369888306e-02
9.693440049886703491e-02
1.384413242340087891e-01
1.216097399592399597e-01
9.287599474191665649e-02
9.954668581485748291e-02
1.012077555060386658e-01
9.015859663486480713e-02
8.234071731567382812e-02
9.034333378076553345e-02
1.214102581143379211e-01
1.500587165355682373e-01
1.404178887605667114e-01
9.628734737634658813e-02
7.701777666807174683e-02
8.214556425809860229e-02
7.463943213224411011e-02
6.756861507892608643e-02
7.746853679418563843e-02
1.107686832547187805e-01
1.409025341272354126e-01
1.195540279150009155e-01
9.441404044628143311e-02
1.008259057998657227e-01
1.052171289920806885e-01
8.725266158580780029e-02
7.925337553024291992e-02
8.708401024341583252e-02
1.092908680438995361e-01
1.382572948932647705e-01
1.297045499086380005e-01
1.081653833389282227e-01
8.033911883831024170e-02
8.781139552593231201e-02
7.313504815101623535e-02
7.040223479270935059e-02
7.736276835203170776e-02
1.042252555489540100e-01
1.304284632205963135e-01
1.327273994684219360e-01
9.392920136451721191e-02
8.345357328653335571e-02
8.668133616447448730e-02
7.554271072149276733e-02
6.652178615331649780e-02
8.025766164064407349e-02
1.037523448467254639e-01
1.404583901166915894e-01
1.325966119766235352e-01
8.999081701040267944e-02
7.639824599027633667e-02
7.929949462413787842e-02
7.270380109548568726e-02
6.748749315738677979e-02
7.597418874502182007e-02
1.082783341407775879e-01
1.731959283351898193e-01
1.365385651588439941e-01
9.594777226448059082e-02
7.760327309370040894e-02
7.659079879522323608e-02
6.766226887702941895e-02
6.142170727252960205e-02
6.770696491003036499e-02
8.955351263284683228e-02
1.179212108254432678e-01
1.179995983839035034e-01
9.050936996936798096e-02
9.078212827444076538e-02
9.384708106517791748e-02
8.068467676639556885e-02
7.972278445959091187e-02
8.914349228143692017e-02
1.279553472995758057e-01
1.634480655193328857e-01
1.430326402187347412e-01
9.735863655805587769e-02
1.353538334369659424e-01
1.428754329681396484e-01
1.212654784321784973e-01
1.083380579948425293e-01
1.203874871134757996e-01
1.555221527814865112e-01
1.971058398485183716e-01
1.753997802734375000e-01
1.252996176481246948e-01
9.595162421464920044e-02
9.840674698352813721e-02
9.223565459251403809e-02
8.219560980796813965e-02
8.952367305755615234e-02
1.322133988142013550e-01
1.699490845203399658e-01
1.362495720386505127e-01
9.882343560457229614e-02
8.158831298351287842e-02
8.293097466230392456e-02
7.683435082435607910e-02
6.779412180185317993e-02
7.481201738119125366e-02
1.133982837200164795e-01
1.726955920457839966e-01
1.286811232566833496e-01
8.713398128747940063e-02
7.622859627008438110e-02
7.909820973873138428e-02
6.837512552738189697e-02
6.256422400474548340e-02
7.231616973876953125e-02
1.130106002092361450e-01
1.621146649122238159e-01
1.368267238140106201e-01
8.486250042915344238e-02
8.382494002580642700e-02
8.821540325880050659e-02
8.109986782073974609e-02
7.056321948766708374e-02
7.971537858247756958e-02
1.002802252769470215e-01
1.413381993770599365e-01
1.212538182735443115e-01
8.852949738502502441e-02
8.151287585496902466e-02
8.475588262081146240e-02
7.351925224065780640e-02
6.650846451520919800e-02
7.473856210708618164e-02
9.684162586927413940e-02
1.212963908910751343e-01
1.213542446494102478e-01
9.649572521448135376e-02
8.251872658729553223e-02
8.714638650417327881e-02
7.571896910667419434e-02
6.975628435611724854e-02
7.598348706960678101e-02
9.811504185199737549e-02
1.205942183732986450e-01
1.121527180075645447e-01
9.427899867296218872e-02
7.655908167362213135e-02
7.891470938920974731e-02
6.845726817846298218e-02
6.314929574728012085e-02
7.055043429136276245e-02
1.013773307204246521e-01
1.152862980961799622e-01
1.086069941520690918e-01
7.970657944679260254e-02
9.277415275573730469e-02
9.348221868276596069e-02
7.964518666267395020e-02
6.989587098360061646e-02
7.500938326120376587e-02
1.006103530526161194e-01
1.239067390561103821e-01
1.114510595798492432e-01
9.204550087451934814e-02
8.888851851224899292e-02
9.566698223352432251e-02
8.439093828201293945e-02
7.748831808567047119e-02
8.784653991460800171e-02
1.131772324442863464e-01
1.380632966756820679e-01
1.287819296121597290e-01
9.983933717012405396e-02
1.063609048724174500e-01
1.083001494407653809e-01
9.529517590999603271e-02
8.372044563293457031e-02
9.042216092348098755e-02
1.343633532524108887e-01
1.708700209856033325e-01
1.591645926237106323e-01
1.031930446624755859e-01
7.401344925165176392e-02
7.389526814222335815e-02
6.681469082832336426e-02
6.152493506669998169e-02
7.331994175910949707e-02
8.845017105340957642e-02
1.150665283203125000e-01
1.081632599234580994e-01
8.067101240158081055e-02
8.665750175714492798e-02
9.151985496282577515e-02
8.181339502334594727e-02
7.345321774482727051e-02
8.047395199537277222e-02
1.114556044340133667e-01
1.402741074562072754e-01
1.341901570558547974e-01
9.598013013601303101e-02
8.717812597751617432e-02
8.902393281459808350e-02
7.885076850652694702e-02
7.252031564712524414e-02
8.179491013288497925e-02
1.134221926331520081e-01
1.339287310838699341e-01
1.183526515960693359e-01
8.459262549877166748e-02
8.589823544025421143e-02
8.509267866611480713e-02
7.614848017692565918e-02
6.490053236484527588e-02
7.497441768646240234e-02
1.009658500552177429e-01
1.640855818986892700e-01
1.281011104583740234e-01
9.220935404300689697e-02
7.937347888946533203e-02
8.140435814857482910e-02
7.261286675930023193e-02
6.248526647686958313e-02
6.956815719604492188e-02
9.929823875427246094e-02
1.619864255189895630e-01
1.196093037724494934e-01
8.976516872644424438e-02
7.315152883529663086e-02
7.985534518957138062e-02
6.480010598897933960e-02
6.009520962834358215e-02
6.789481639862060547e-02
9.300124645233154297e-02
1.098259314894676208e-01
1.111205518245697021e-01
7.400219142436981201e-02
